1,1,20.9196,20.6168,14.1467,1,25.736,25.3525,15.1857
1,1,20.9196,20.6168,14.1467,2,28.5596,35.1515,17.3868
1,1,20.9196,20.6168,14.1467,3,50.1535,60.4565,37.7382
1,1,20.9196,20.6168,14.1467,4,36.9302,35.5618,32.2012
1,1,20.9196,20.6168,14.1467,5,54.5467,60.5177,25.7775
1,1,20.9355,23.1582,13.6213,1,27.0562,26.8814,14.6757
1,1,20.9355,23.1582,13.6213,2,25.214,36.3446,16.6707
1,1,20.9355,23.1582,13.6213,3,51.6292,51.2466,35.4884
1,1,20.9355,23.1582,13.6213,4,34.4624,40.3158,30.3679
1,1,20.9355,23.1582,13.6213,5,53.5031,49.6928,24.8702
1,1,20.9159,20.6531,13.2762,1,26.0085,24.175,14.3327
1,1,20.9159,20.6531,13.2762,2,29.7595,33.5371,17.2019
1,1,20.9159,20.6531,13.2762,3,51.2027,64.3785,35.2979
1,1,20.9159,20.6531,13.2762,4,37.79,36.2005,29.0655
1,1,20.9159,20.6531,13.2762,5,55.1093,65.0831,23.5039
1,1,20.862,20.5924,13.4301,1,26.0135,25.1563,14.0326
1,1,20.862,20.5924,13.4301,2,27.6562,35.0316,16.0014
1,1,20.862,20.5924,13.4301,3,50.9161,60.8346,37.8109
1,1,20.862,20.5924,13.4301,4,36.0373,35.5611,30.1928
1,1,20.862,20.5924,13.4301,5,54.8254,63.3684,24.9879
1,1,20.8533,20.7362,13.7041,1,25.9069,24.5374,15.1458
1,1,20.8533,20.7362,13.7041,2,26.7463,34.4507,16.8029
1,1,20.8533,20.7362,13.7041,3,52.3091,62.4878,34.7484
1,1,20.8533,20.7362,13.7041,4,38.3486,35.1596,31.8305
1,1,20.8533,20.7362,13.7041,5,56.0544,67.4936,24.1818
1,2,22.0401,21.9318,16.5101,1,22.5843,21.4242,16.7886
1,2,22.0401,21.9318,16.5101,2,22.224,23.8953,18.6243
1,2,22.0401,21.9318,16.5101,3,72.509,71.4205,49.6439
1,2,22.0401,21.9318,16.5101,4,38.9196,37.5833,33.6419
1,2,22.0401,21.9318,16.5101,5,64.4032,59.1772,36.1005
1,2,21.868,22.2879,15.9718,1,22.2702,22.385,16.4683
1,2,21.868,22.2879,15.9718,2,27.1874,23.3562,18.3513
1,2,21.868,22.2879,15.9718,3,66.7736,67.5301,41.9222
1,2,21.868,22.2879,15.9718,4,38.7376,37.2313,31.3906
1,2,21.868,22.2879,15.9718,5,59.8105,59.4996,33.7983
1,2,21.8494,21.7859,16.2878,1,23.4283,22.3408,17.9834
1,2,21.8494,21.7859,16.2878,2,21.8517,24.0895,17.6579
1,2,21.8494,21.7859,16.2878,3,71.3286,72.3785,51.1757
1,2,21.8494,21.7859,16.2878,4,41.9438,36.6893,35.4162
1,2,21.8494,21.7859,16.2878,5,56.2719,58.3625,33.1301
1,2,21.952,21.8417,16.4935,1,22.2441,21.5702,18.0739
1,2,21.952,21.8417,16.4935,2,26.833,23.8652,18.9795
1,2,21.952,21.8417,16.4935,3,67.3654,72.7938,44.8357
1,2,21.952,21.8417,16.4935,4,38.8685,38.0294,33.9918
1,2,21.952,21.8417,16.4935,5,59.1319,60.1208,34.6016
1,2,21.5293,22.1685,16.6579,1,22.5723,22.1319,18.0294
1,2,21.5293,22.1685,16.6579,2,45.0286,23.382,19.4853
1,2,21.5293,22.1685,16.6579,3,140.0757,67.1688,48.9144
1,2,21.5293,22.1685,16.6579,4,106.4276,36.4699,34.5246
1,2,21.5293,22.1685,16.6579,5,53.8084,58.9691,38.1493
1,3,15.2139,15.455,8.8128,1,60.0243,60.8008,43.6435
1,3,15.2139,15.455,8.8128,2,52.3723,53.236,44.0174
1,3,15.2139,15.455,8.8128,3,17.0186,17.151,9.8783
1,3,15.2139,15.455,8.8128,4,33.294,36.0306,29.3166
1,3,15.2139,15.455,8.8128,5,45.6673,43.9602,19.1362
1,3,14.9058,15.224,8.899,1,96.1409,110.127,40.9946
1,3,14.9058,15.224,8.899,2,55.6825,53.6319,42.567
1,3,14.9058,15.224,8.899,3,14.2717,13.5767,9.9673
1,3,14.9058,15.224,8.899,4,32.9933,30.5741,28.5415
1,3,14.9058,15.224,8.899,5,41.1544,42.221,20.2283
1,3,15.0473,15.5007,9.1028,1,90.9673,59.0422,43.5694
1,3,15.0473,15.5007,9.1028,2,55.6989,51.0326,45.6913
1,3,15.0473,15.5007,9.1028,3,14.1524,16.7953,10.1568
1,3,15.0473,15.5007,9.1028,4,33.232,35.4294,29.6437
1,3,15.0473,15.5007,9.1028,5,41.0945,45.6092,20.4193
1,3,15.3814,15.4761,8.31,1,59.2864,60.2519,41.8303
1,3,15.3814,15.4761,8.31,2,51.6414,52.5689,42.0158
1,3,15.3814,15.4761,8.31,3,17.1662,17.7256,9.5374
1,3,15.3814,15.4761,8.31,4,33.704,35.5619,28.0673
1,3,15.3814,15.4761,8.31,5,46.1364,44.6267,19.5682
1,3,15.1571,15.3916,9.236,1,79.4707,99.8154,42.9841
1,3,15.1571,15.3916,9.236,2,62.7599,60.006,44.4605
1,3,15.1571,15.3916,9.236,3,15.7742,15.2681,10.2949
1,3,15.1571,15.3916,9.236,4,32.8073,30.7652,29.75
1,3,15.1571,15.3916,9.236,5,37.9106,38.0004,20.8895
1,4,19.1088,19.3758,15.5328,1,41.6221,48.8795,27.0566
1,4,19.1088,19.3758,15.5328,2,38.2685,44.0608,33.9574
1,4,19.1088,19.3758,15.5328,3,20.1716,21.4382,11.5496
1,4,19.1088,19.3758,15.5328,4,21.4819,18.7102,17.4016
1,4,19.1088,19.3758,15.5328,5,29.895,35.8183,25.346
1,4,18.6596,19.3905,16.1589,1,45.8081,54.4731,19.6957
1,4,18.6596,19.3905,16.1589,2,45.5973,45.8595,24.4312
1,4,18.6596,19.3905,16.1589,3,20.1403,20.2045,11.7844
1,4,18.6596,19.3905,16.1589,4,19.272,19.1085,18.3961
1,4,18.6596,19.3905,16.1589,5,32.2411,33.957,22.5609
1,4,18.7574,19.4935,15.1138,1,41.6174,47.8974,25.3878
1,4,18.7574,19.4935,15.1138,2,41.6388,41.5623,31.1723
1,4,18.7574,19.4935,15.1138,3,26.9861,26.8854,9.9627
1,4,18.7574,19.4935,15.1138,4,22.8358,22.8968,17.5039
1,4,18.7574,19.4935,15.1138,5,40.5396,43.1601,23.3043
1,4,18.973,23.0712,15.3131,1,49.9879,41.9344,25.1985
1,4,18.973,23.0712,15.3131,2,44.3182,40.8034,28.9184
1,4,18.973,23.0712,15.3131,3,22.8059,31.0835,10.3629
1,4,18.973,23.0712,15.3131,4,20.5357,28.8608,18.0487
1,4,18.973,23.0712,15.3131,5,35.8472,58.8811,21.8036
1,4,19.0591,19.3345,15.9813,1,53.9848,51.4991,26.3684
1,4,19.0591,19.3345,15.9813,2,43.504,45.2475,30.9127
1,4,19.0591,19.3345,15.9813,3,16.634,21.2208,10.7415
1,4,19.0591,19.3345,15.9813,4,18.3719,18.5126,18.6242
1,4,19.0591,19.3345,15.9813,5,28.7544,35.5843,24.7278
1,5,15.5937,16.8462,14.5385,1,80.485,72.9073,17.2749
1,5,15.5937,16.8462,14.5385,2,74.9778,59.6184,24.837
1,5,15.5937,16.8462,14.5385,3,42.2722,38.2737,21.7104
1,5,15.5937,16.8462,14.5385,4,46.5226,36.9837,26.2977
1,5,15.5937,16.8462,14.5385,5,11.2597,13.7694,15.4099
1,5,15.924,16.8534,14.8643,1,74.8867,77.0721,18.3801
1,5,15.924,16.8534,14.8643,2,61.8882,61.2492,27.5188
1,5,15.924,16.8534,14.8643,3,32.6042,39.0263,21.4755
1,5,15.924,16.8534,14.8643,4,31.9693,38.0672,28.0349
1,5,15.924,16.8534,14.8643,5,12.2243,13.9941,15.5028
1,5,15.3751,18.2747,14.6827,1,75.5865,92.2838,17.9502
1,5,15.3751,18.2747,14.6827,2,70.2531,98.171,25.4241
1,5,15.3751,18.2747,14.6827,3,44.1818,44.2304,20.2509
1,5,15.3751,18.2747,14.6827,4,44.4361,60.4685,26.2068
1,5,15.3751,18.2747,14.6827,5,11.2637,14.9195,15.6416
1,5,15.2986,17.1802,15.0335,1,83.5268,63.7834,19.2486
1,5,15.2986,17.1802,15.0335,2,73.5407,57.9971,28.5682
1,5,15.2986,17.1802,15.0335,3,44.4483,43.5025,21.6711
1,5,15.2986,17.1802,15.0335,4,46.8089,46.1503,26.8355
1,5,15.2986,17.1802,15.0335,5,11.3639,14.1113,15.8157
1,5,15.4533,17.9468,14.6823,1,75.909,85.3136,20.6211
1,5,15.4533,17.9468,14.6823,2,68.4906,87.8885,29.2869
1,5,15.4533,17.9468,14.6823,3,40.3706,35.2902,20.211
1,5,15.4533,17.9468,14.6823,4,41.9559,53.781,30.016
1,5,15.4533,17.9468,14.6823,5,11.9291,15.3232,15.8245
2,1,19.9252,19.8697,13.3101,1,26.63,25.1905,14.1458
2,1,19.9252,19.8697,13.3101,2,26.816,29.5336,16.6138
2,1,19.9252,19.8697,13.3101,3,63.6387,67.6618,28.6628
2,1,19.9252,19.8697,13.3101,4,41.0371,40.8861,29.7355
2,1,19.9252,19.8697,13.3101,5,52.0196,57.3702,22.9535
2,1,20.275,19.6834,13.0646,1,24.592,25.2134,14.8681
2,1,20.275,19.6834,13.0646,2,26.9667,30.1963,17.4614
2,1,20.275,19.6834,13.0646,3,57.958,71.0382,23.4777
2,1,20.275,19.6834,13.0646,4,36.4226,41.0466,28.6131
2,1,20.275,19.6834,13.0646,5,55.5089,58.7102,20.8068
2,1,19.9437,19.9175,13.0094,1,25.6297,26.2779,13.8509
2,1,19.9437,19.9175,13.0094,2,26.1674,30.8012,15.77
2,1,19.9437,19.9175,13.0094,3,75.843,61.6261,25.6356
2,1,19.9437,19.9175,13.0094,4,47.1169,38.2562,27.8559
2,1,19.9437,19.9175,13.0094,5,54.313,53.9089,22.3444
2,1,20.0224,19.3611,12.8539,1,25.8787,25.4513,14.2536
2,1,20.0224,19.3611,12.8539,2,25.5797,42.6165,16.1846
2,1,20.0224,19.3611,12.8539,3,67.8104,61.3386,25.3368
2,1,20.0224,19.3611,12.8539,4,43.1407,40.389,25.1882
2,1,20.0224,19.3611,12.8539,5,53.5923,66.5933,21.6727
2,1,20.3966,19.8527,12.9842,1,25.7898,24.888,14.5717
2,1,20.3966,19.8527,12.9842,2,24.1958,29.6498,16.452
2,1,20.3966,19.8527,12.9842,3,62.6488,72.9376,22.3513
2,1,20.3966,19.8527,12.9842,4,37.9831,43.5508,27.6026
2,1,20.3966,19.8527,12.9842,5,51.9412,56.5727,20.1378
2,2,20.7237,21.1929,16.0289,1,22.7391,23.3576,16.5148
2,2,20.7237,21.1929,16.0289,2,37.2493,34.9621,18.4775
2,2,20.7237,21.1929,16.0289,3,121.7532,127.5044,27.8431
2,2,20.7237,21.1929,16.0289,4,98.8266,86.2028,24.62
2,2,20.7237,21.1929,16.0289,5,53.2657,48.8925,27.4082
2,2,20.6888,21.7606,17.0248,1,22.727,21.5895,16.4226
2,2,20.6888,21.7606,17.0248,2,44.6274,21.591,18.821
2,2,20.6888,21.7606,17.0248,3,141.8808,69.3893,26.087
2,2,20.6888,21.7606,17.0248,4,115.0297,39.6179,22.5608
2,2,20.6888,21.7606,17.0248,5,55.726,55.6279,24.01
2,2,21.0006,21.8088,15.5788,1,21.6871,24.1944,16.0247
2,2,21.0006,21.8088,15.5788,2,19.8607,24.3716,18.0079
2,2,21.0006,21.8088,15.5788,3,84.8323,87.0069,35.9157
2,2,21.0006,21.8088,15.5788,4,56.8514,42.4496,28.2095
2,2,21.0006,21.8088,15.5788,5,54.4321,60.0611,31.4811
2,2,20.8174,21.8888,16.1975,1,23.1795,25.039,16.9391
2,2,20.8174,21.8888,16.1975,2,29.5801,20.0616,18.0583
2,2,20.8174,21.8888,16.1975,3,104.3458,83.4204,28.2849
2,2,20.8174,21.8888,16.1975,4,75.0446,54.8412,24.3642
2,2,20.8174,21.8888,16.1975,5,52.9996,51.5108,27.0096
2,2,20.9228,21.6062,16.4605,1,23.5387,21.3047,17.3725
2,2,20.9228,21.6062,16.4605,2,27.8984,20.6257,18.3267
2,2,20.9228,21.6062,16.4605,3,107.3839,72.9726,35.4844
2,2,20.9228,21.6062,16.4605,4,77.5933,42.5782,26.3318
2,2,20.9228,21.6062,16.4605,5,50.7694,54.5234,31.5432
2,3,13.7858,14.1637,8.6937,1,74.1234,72.5635,27.5285
2,3,13.7858,14.1637,8.6937,2,44.9924,44.2853,38.3029
2,3,13.7858,14.1637,8.6937,3,16.6369,16.0539,9.6727
2,3,13.7858,14.1637,8.6937,4,30.6537,32.127,22.3384
2,3,13.7858,14.1637,8.6937,5,48.1268,53.2395,18.2781
2,3,14.0832,14.934,8.8529,1,124.6498,79.0253,25.8633
2,3,14.0832,14.934,8.8529,2,62.8739,49.3969,36.1461
2,3,14.0832,14.934,8.8529,3,16.6748,14.1304,9.959
2,3,14.0832,14.934,8.8529,4,32.9429,28.7888,25.0047
2,3,14.0832,14.934,8.8529,5,43.7181,45.7194,19.3106
2,3,14.1776,14.9977,8.7822,1,83.5993,80.843,27.1689
2,3,14.1776,14.9977,8.7822,2,50.508,53.0956,36.7002
2,3,14.1776,14.9977,8.7822,3,15.6155,15.015,10.03
2,3,14.1776,14.9977,8.7822,4,30.4103,28.7492,25.4127
2,3,14.1776,14.9977,8.7822,5,41.6276,50.2261,18.8866
2,3,13.7191,14.094,8.7044,1,74.4214,76.4538,27.973
2,3,13.7191,14.094,8.7044,2,45.2877,43.9375,37.4714
2,3,13.7191,14.094,8.7044,3,15.5715,16.4955,9.7691
2,3,13.7191,14.094,8.7044,4,31.7043,32.0138,26.2806
2,3,13.7191,14.094,8.7044,5,50.6423,50.8702,19.1051
2,3,14.2044,14.1611,8.5397,1,78.1012,70.4139,30.1762
2,3,14.2044,14.1611,8.5397,2,51.1759,42.6537,40.6343
2,3,14.2044,14.1611,8.5397,3,15.2286,15.6628,9.5445
2,3,14.2044,14.1611,8.5397,4,27.0279,31.4754,25.5089
2,3,14.2044,14.1611,8.5397,5,54.0143,48.2974,19.573
2,4,17.7888,18.5241,14.7771,1,49.9475,47.6462,25.0114
2,4,17.7888,18.5241,14.7771,2,43.4273,40.8602,34.8932
2,4,17.7888,18.5241,14.7771,3,20.8769,20.9468,9.9282
2,4,17.7888,18.5241,14.7771,4,18.81,19.1453,18.4468
2,4,17.7888,18.5241,14.7771,5,36.4585,35.4447,23.6018
2,4,17.6879,18.6977,14.3386,1,49.23,56.1918,21.1875
2,4,17.6879,18.6977,14.3386,2,43.7924,49.5545,28.2814
2,4,17.6879,18.6977,14.3386,3,20.0191,22.252,9.502
2,4,17.6879,18.6977,14.3386,4,19.8209,19.3768,18.0397
2,4,17.6879,18.6977,14.3386,5,34.1884,30.6245,21.8337
2,4,17.7288,18.228,15.2615,1,53.2048,54.1777,20.6172
2,4,17.7288,18.228,15.2615,2,43.911,42.4169,24.4757
2,4,17.7288,18.228,15.2615,3,22.2427,22.7449,9.6594
2,4,17.7288,18.228,15.2615,4,19.476,22.2205,19.0249
2,4,17.7288,18.228,15.2615,5,41.2094,31.9215,19.8245
2,4,18.1932,18.1153,14.9115,1,41.3517,46.4499,22.7641
2,4,18.1932,18.1153,14.9115,2,42.7036,41.9388,27.9339
2,4,18.1932,18.1153,14.9115,3,22.2085,22.3374,9.6153
2,4,18.1932,18.1153,14.9115,4,21.3191,22.4934,19.2074
2,4,18.1932,18.1153,14.9115,5,33.193,32.7992,21.4966
2,4,17.7276,18.3576,14.7519,1,48.8326,47.445,23.8423
2,4,17.7276,18.3576,14.7519,2,44.0147,40.7555,28.7252
2,4,17.7276,18.3576,14.7519,3,19.7374,22.6995,8.9
2,4,17.7276,18.3576,14.7519,4,18.9237,19.3152,19.2317
2,4,17.7276,18.3576,14.7519,5,34.3218,37.1165,20.2961
2,5,14.1346,15.9004,13.7184,1,62.3457,78.1826,19.3693
2,5,14.1346,15.9004,13.7184,2,58.2046,75.918,25.2347
2,5,14.1346,15.9004,13.7184,3,60.1643,40.1695,12.4847
2,5,14.1346,15.9004,13.7184,4,56.4558,49.8681,25.0222
2,5,14.1346,15.9004,13.7184,5,10.0243,13.2269,15.1917
2,5,13.8427,16.0721,13.9132,1,74.5245,63.6083,19.4249
2,5,13.8427,16.0721,13.9132,2,58.1075,55.4537,26.9369
2,5,13.8427,16.0721,13.9132,3,51.0416,34.4184,14.8564
2,5,13.8427,16.0721,13.9132,4,48.2759,32.7776,27.6553
2,5,13.8427,16.0721,13.9132,5,10.3266,12.0371,13.9684
2,5,14.1615,15.9311,13.8898,1,77.08,72.7619,19.2221
2,5,14.1615,15.9311,13.8898,2,59.494,76.0511,25.002
2,5,14.1615,15.9311,13.8898,3,51.3625,39.0543,13.3869
2,5,14.1615,15.9311,13.8898,4,50.3032,49.6978,25.4098
2,5,14.1615,15.9311,13.8898,5,11.0555,13.2632,14.874
2,5,14.7707,15.9201,13.7811,1,60.0626,80.6595,17.868
2,5,14.7707,15.9201,13.7811,2,48.9418,79.0558,24.448
2,5,14.7707,15.9201,13.7811,3,39.2521,40.1497,13.9044
2,5,14.7707,15.9201,13.7811,4,34.2133,51.6815,25.0067
2,5,14.7707,15.9201,13.7811,5,11.1404,13.3426,14.022
2,5,14.2527,15.962,14.0529,1,62.8786,68.5534,18.9905
2,5,14.2527,15.962,14.0529,2,57.4997,55.6208,26.0963
2,5,14.2527,15.962,14.0529,3,47.5396,38.4371,14.3992
2,5,14.2527,15.962,14.0529,4,45.2945,35.8037,27.1626
2,5,14.2527,15.962,14.0529,5,10.0884,12.1585,14.6063
3,1,18.3686,18.3811,12.8114,1,28.6766,26.7518,14.1218
3,1,18.3686,18.3811,12.8114,2,31.5116,29.2031,18.6407
3,1,18.3686,18.3811,12.8114,3,65.5861,62.7627,17.7321
3,1,18.3686,18.3811,12.8114,4,45.8453,39.4693,30.0731
3,1,18.3686,18.3811,12.8114,5,65.9451,60.9542,17.8494
3,1,18.9146,18.7306,13.6369,1,26.731,26.3927,14.1803
3,1,18.9146,18.7306,13.6369,2,31.8514,31.2858,16.62
3,1,18.9146,18.7306,13.6369,3,59.8156,59.7188,25.1165
3,1,18.9146,18.7306,13.6369,4,42.1185,44.6298,24.1009
3,1,18.9146,18.7306,13.6369,5,62.1097,65.1558,24.4518
3,1,19.0311,18.7143,13.2037,1,26.5134,25.6543,16.3955
3,1,19.0311,18.7143,13.2037,2,32.1727,27.2299,16.5675
3,1,19.0311,18.7143,13.2037,3,58.7533,72.7079,20.6362
3,1,19.0311,18.7143,13.2037,4,39.0002,45.4289,31.8418
3,1,19.0311,18.7143,13.2037,5,59.5711,70.3805,19.3924
3,1,20.3576,18.8697,13.5727,1,27.8474,24.4209,15.7691
3,1,20.3576,18.8697,13.5727,2,31.1437,26.3944,20.7497
3,1,20.3576,18.8697,13.5727,3,50.7788,78.2291,30.5947
3,1,20.3576,18.8697,13.5727,4,37.1553,39.4822,45.1818
3,1,20.3576,18.8697,13.5727,5,55.471,72.2706,21.3883
3,1,18.624,18.421,13.3516,1,25.4663,28.7462,14.8243
3,1,18.624,18.421,13.3516,2,25.0623,40.5324,19.8569
3,1,18.624,18.421,13.3516,3,70.624,91.5893,25.8962
3,1,18.624,18.421,13.3516,4,41.985,51.8764,44.2858
3,1,18.624,18.421,13.3516,5,58.0921,62.6697,22.7782
3,2,20.1195,20.5259,17.219,1,21.974,22.8284,25.4004
3,2,20.1195,20.5259,17.219,2,28.6563,26.5223,19.4053
3,2,20.1195,20.5259,17.219,3,124.0169,111.844,35.6088
3,2,20.1195,20.5259,17.219,4,76.4323,77.3387,36.1599
3,2,20.1195,20.5259,17.219,5,52.1136,52.7924,24.8058
3,2,20.0358,20.1186,16.5957,1,22.3643,23.5865,17.2517
3,2,20.0358,20.1186,16.5957,2,29.6613,30.3863,23.7943
3,2,20.0358,20.1186,16.5957,3,131.4841,133.7224,36.7961
3,2,20.0358,20.1186,16.5957,4,73.772,68.1026,31.114
3,2,20.0358,20.1186,16.5957,5,54.076,54.1335,18.5262
3,2,20.0115,20.495,16.696,1,22.4095,22.3495,21.6485
3,2,20.0115,20.495,16.696,2,33.2126,26.7428,23.8458
3,2,20.0115,20.495,16.696,3,144.556,117.9706,32.0983
3,2,20.0115,20.495,16.696,4,80.1512,75.7839,32.4212
3,2,20.0115,20.495,16.696,5,50.1126,50.1084,18.8738
3,2,19.9669,20.4318,16.7648,1,23.2605,23.8831,21.3777
3,2,19.9669,20.4318,16.7648,2,32.6318,39.7671,24.9794
3,2,19.9669,20.4318,16.7648,3,139.0813,145.1507,44.6462
3,2,19.9669,20.4318,16.7648,4,75.3764,109.5648,39.7368
3,2,19.9669,20.4318,16.7648,5,54.0085,53.5374,36.0089
3,2,20.5456,20.4434,17.1014,1,22.4438,22.8367,16.5054
3,2,20.5456,20.4434,17.1014,2,35.2033,34.8296,22.6145
3,2,20.5456,20.4434,17.1014,3,132.7996,135.3416,38.0353
3,2,20.5456,20.4434,17.1014,4,94.0915,58.298,28.2641
3,2,20.5456,20.4434,17.1014,5,53.9674,56.7672,25.6532
3,3,13.4403,13.5891,8.422,1,107.478,68.8825,30.6525
3,3,13.4403,13.5891,8.422,2,58.4119,43.5367,50.6561
3,3,13.4403,13.5891,8.422,3,16.0063,16.8793,8.8842
3,3,13.4403,13.5891,8.422,4,27.8475,28.8931,25.2443
3,3,13.4403,13.5891,8.422,5,49.2121,44.9392,20.579
3,3,13.6397,13.3089,8.9907,1,67.7712,62.3376,24.3548
3,3,13.6397,13.3089,8.9907,2,41.2936,39.1974,31.6889
3,3,13.6397,13.3089,8.9907,3,16.1151,15.0708,10.795
3,3,13.6397,13.3089,8.9907,4,26.6807,29.7783,27.224
3,3,13.6397,13.3089,8.9907,5,47.5416,40.9358,19.5263
3,3,13.2895,13.5822,8.6392,1,119.076,68.6742,25.491
3,3,13.2895,13.5822,8.6392,2,80.2612,43.2619,34.7339
3,3,13.2895,13.5822,8.6392,3,15.4512,16.1205,11.2186
3,3,13.2895,13.5822,8.6392,4,31.7382,30.8603,19.8688
3,3,13.2895,13.5822,8.6392,5,64.7403,51.8812,15.648
3,3,13.5746,13.7941,8.9377,1,59.7243,71.8085,26.5258
3,3,13.5746,13.7941,8.9377,2,38.6336,43.5648,27.4054
3,3,13.5746,13.7941,8.9377,3,14.8324,16.6723,11.9776
3,3,13.5746,13.7941,8.9377,4,34.8609,29.2381,24.1894
3,3,13.5746,13.7941,8.9377,5,58.3757,44.8679,17.4524
3,3,13.6574,13.6468,8.4235,1,60.4917,65.5885,23.3784
3,3,13.6574,13.6468,8.4235,2,39.8242,43.9428,24.5707
3,3,13.6574,13.6468,8.4235,3,15.9684,16.6184,10.6693
3,3,13.6574,13.6468,8.4235,4,28.6475,30.8285,24.6855
3,3,13.6574,13.6468,8.4235,5,52.5695,44.6979,17.008
3,4,16.7835,17.2358,14.717,1,49.6703,46.5157,15.6211
3,4,16.7835,17.2358,14.717,2,42.3251,42.1588,21.1904
3,4,16.7835,17.2358,14.717,3,22.4437,19.1889,11.7872
3,4,16.7835,17.2358,14.717,4,20.9705,20.5603,18.7599
3,4,16.7835,17.2358,14.717,5,35.0543,31.7644,14.6424
3,4,16.981,17.1908,15.0228,1,57.2351,40.9576,18.6487
3,4,16.981,17.1908,15.0228,2,46.1433,39.4911,19.4873
3,4,16.981,17.1908,15.0228,3,18.2364,22.5089,10.6693
3,4,16.981,17.1908,15.0228,4,20.6409,19.5602,16.3465
3,4,16.981,17.1908,15.0228,5,37.1535,36.1182,17.8572
3,4,17.0186,17.3232,15.5981,1,49.5623,39.9168,16.7395
3,4,17.0186,17.3232,15.5981,2,42.1729,37.1403,15.4093
3,4,17.0186,17.3232,15.5981,3,20.3456,20.3719,12.4488
3,4,17.0186,17.3232,15.5981,4,20.146,19.0231,15.932
3,4,17.0186,17.3232,15.5981,5,35.2546,35.1332,16.413
3,4,17.4553,17.3686,15.4196,1,46.8389,70.3415,23.9987
3,4,17.4553,17.3686,15.4196,2,43.7747,49.3296,26.2609
3,4,17.4553,17.3686,15.4196,3,21.0975,21.7426,13.5399
3,4,17.4553,17.3686,15.4196,4,20.5458,17.7666,19.3016
3,4,17.4553,17.3686,15.4196,5,36.3242,34.1324,23.9414
3,4,17.1808,17.1553,14.5767,1,54.0501,43.6579,24.3734
3,4,17.1808,17.1553,14.5767,2,43.0394,41.2433,20.129
3,4,17.1808,17.1553,14.5767,3,20.2607,23.2211,12.8714
3,4,17.1808,17.1553,14.5767,4,19.4944,20.4404,17.2834
3,4,17.1808,17.1553,14.5767,5,36.1078,39.0067,18.6019
3,5,13.3853,13.719,14.0871,1,65.5017,58.57,20.1549
3,5,13.3853,13.719,14.0871,2,56.0802,50.5764,28.9624
3,5,13.3853,13.719,14.0871,3,48.067,44.9896,13.8276
3,5,13.3853,13.719,14.0871,4,42.7314,39.7934,21.9543
3,5,13.3853,13.719,14.0871,5,9.8599,10.3285,13.6968
3,5,13.6214,13.8584,14.1668,1,57.8367,81.7419,16.879
3,5,13.6214,13.8584,14.1668,2,51.6446,61.2989,25.08
3,5,13.6214,13.8584,14.1668,3,53.544,48.2183,16.0839
3,5,13.6214,13.8584,14.1668,4,46.9764,50.8339,21.6618
3,5,13.6214,13.8584,14.1668,5,9.7261,10.1769,13.9495
3,5,12.8796,13.5397,13.7917,1,63.6527,75.8617,17.5924
3,5,12.8796,13.5397,13.7917,2,54.1308,67.4564,30.6802
3,5,12.8796,13.5397,13.7917,3,48.1659,57.379,25.1714
3,5,12.8796,13.5397,13.7917,4,36.0915,45.8591,27.0448
3,5,12.8796,13.5397,13.7917,5,8.6236,9.4956,14.3804
3,5,14.8942,15.8381,14.0918,1,71.7691,72.7874,18.2391
3,5,14.8942,15.8381,14.0918,2,58.8092,113.8565,24.2895
3,5,14.8942,15.8381,14.0918,3,35.9145,85.4416,13.2799
3,5,14.8942,15.8381,14.0918,4,34.557,103.3041,21.1828
3,5,14.8942,15.8381,14.0918,5,11.8921,8.8523,13.6904
3,5,13.4449,13.5707,14.2141,1,78.6136,61.4415,23.1092
3,5,13.4449,13.5707,14.2141,2,75.8867,54.5111,26.86
3,5,13.4449,13.5707,14.2141,3,63.979,52.5255,14.7799
3,5,13.4449,13.5707,14.2141,4,50.4426,38.9733,25.7165
3,5,13.4449,13.5707,14.2141,5,8.8311,9.7315,14.9493
4,1,18.5369,18.2812,13.5723,1,26.2212,28.3235,17.0252
4,1,18.5369,18.2812,13.5723,2,26.8605,31.1025,19.1633
4,1,18.5369,18.2812,13.5723,3,70.4447,66.548,23.326
4,1,18.5369,18.2812,13.5723,4,41.8416,41.0065,37.7662
4,1,18.5369,18.2812,13.5723,5,67.8648,68.9739,22.933
4,1,18.3816,18.1631,13.6243,1,27.5972,28.7392,14.771
4,1,18.3816,18.1631,13.6243,2,33.4156,31.2395,15.5825
4,1,18.3816,18.1631,13.6243,3,101.8328,78.4614,64.0127
4,1,18.3816,18.1631,13.6243,4,61.4943,44.8061,45.4272
4,1,18.3816,18.1631,13.6243,5,65.3108,75.078,29.2745
4,1,18.6618,18.1807,13.5521,1,27.4217,28.4413,13.3384
4,1,18.6618,18.1807,13.5521,2,29.5543,31.1576,19.4345
4,1,18.6618,18.1807,13.5521,3,69.3715,58.694,31.5375
4,1,18.6618,18.1807,13.5521,4,42.328,38.1186,56.8917
4,1,18.6618,18.1807,13.5521,5,62.7004,62.2754,21.2774
4,1,18.8453,18.098,13.6242,1,26.6612,29.9859,20.7709
4,1,18.8453,18.098,13.6242,2,29.9589,33.3609,20.6377
4,1,18.8453,18.098,13.6242,3,55.7925,71.6781,135.4272
4,1,18.8453,18.098,13.6242,4,38.3159,40.7483,106.0404
4,1,18.8453,18.098,13.6242,5,58.4804,70.577,9.745
4,1,19.1688,18.331,14.0633,1,26.2222,26.4426,14.3395
4,1,19.1688,18.331,14.0633,2,31.7233,25.2998,17.7195
4,1,19.1688,18.331,14.0633,3,58.9826,71.6607,52.7021
4,1,19.1688,18.331,14.0633,4,40.31,38.5923,35.2907
4,1,19.1688,18.331,14.0633,5,60.1673,61.5376,14.6148
4,2,20.9832,19.96,16.8949,1,22.5018,24.0407,18.1237
4,2,20.9832,19.96,16.8949,2,20.7055,36.0744,20.7718
4,2,20.9832,19.96,16.8949,3,83.189,139.0151,28.4105
4,2,20.9832,19.96,16.8949,4,54.4628,94.9314,29.651
4,2,20.9832,19.96,16.8949,5,50.4259,53.2712,33.5089
4,2,20.203,19.6606,18.0435,1,22.4449,23.2317,17.8434
4,2,20.203,19.6606,18.0435,2,31.6946,34.9311,22.6427
4,2,20.203,19.6606,18.0435,3,130.4523,150.9852,39.5045
4,2,20.203,19.6606,18.0435,4,85.0599,68.3642,31.5744
4,2,20.203,19.6606,18.0435,5,51.0248,60.7774,23.4162
4,2,19.9997,20.2374,17.1741,1,23.1859,21.5169,17.6102
4,2,19.9997,20.2374,17.1741,2,32.3322,34.6185,22.1868
4,2,19.9997,20.2374,17.1741,3,132.2914,136.32,58.5431
4,2,19.9997,20.2374,17.1741,4,73.583,94.455,43.5919
4,2,19.9997,20.2374,17.1741,5,49.8089,50.3036,28.7432
4,2,20.0805,19.4409,16.9551,1,22.4285,22.4446,13.1347
4,2,20.0805,19.4409,16.9551,2,32.9181,28.6266,26.0998
4,2,20.0805,19.4409,16.9551,3,143.3517,133.3864,63.0535
4,2,20.0805,19.4409,16.9551,4,88.3801,54.652,50.2936
4,2,20.0805,19.4409,16.9551,5,54.4311,56.6384,25.4358
4,2,20.4097,19.882,17.4456,1,22.295,22.5325,17.0076
4,2,20.4097,19.882,17.4456,2,31.3356,39.4779,29.3962
4,2,20.4097,19.882,17.4456,3,127.2775,158.3138,34.7546
4,2,20.4097,19.882,17.4456,4,90.4644,97.5346,29.185
4,2,20.4097,19.882,17.4456,5,51.2238,51.6501,29.6968
4,3,13.1324,12.9688,8.7483,1,151.1476,100.7322,28.0213
4,3,13.1324,12.9688,8.7483,2,76.7442,64.2882,49.8708
4,3,13.1324,12.9688,8.7483,3,15.6455,15.0135,10.5834
4,3,13.1324,12.9688,8.7483,4,35.7319,32.3654,24.9813
4,3,13.1324,12.9688,8.7483,5,65.731,60.2307,16.1856
4,3,13.0937,13.2008,8.4899,1,140.9093,103.6153,30.6647
4,3,13.0937,13.2008,8.4899,2,66.6949,57.2232,28.3682
4,3,13.0937,13.2008,8.4899,3,15.3536,14.854,7.7903
4,3,13.0937,13.2008,8.4899,4,30.5168,28.1595,23.9603
4,3,13.0937,13.2008,8.4899,5,57.553,47.0236,24.5772
4,3,13.5543,13.1303,9.1369,1,65.4921,111.1907,23.0394
4,3,13.5543,13.1303,9.1369,2,38.3509,60.4757,38.6214
4,3,13.5543,13.1303,9.1369,3,15.4987,15.6422,11.0936
4,3,13.5543,13.1303,9.1369,4,28.6289,30.9734,21.9741
4,3,13.5543,13.1303,9.1369,5,52.2587,54.5696,30.8898
4,3,13.2577,13.3211,8.8445,1,90.8798,63.47,30.8058
4,3,13.2577,13.3211,8.8445,2,57.8363,44.9013,36.5412
4,3,13.2577,13.3211,8.8445,3,15.1364,15.3831,8.993
4,3,13.2577,13.3211,8.8445,4,31.7473,35.0167,31.7957
4,3,13.2577,13.3211,8.8445,5,69.4119,38.6034,16.8795
4,3,12.8372,12.9254,9.0746,1,149.2473,81.5552,27.3529
4,3,12.8372,12.9254,9.0746,2,69.3779,56.2819,31.6701
4,3,12.8372,12.9254,9.0746,3,14.7889,15.232,10.705
4,3,12.8372,12.9254,9.0746,4,33.3407,31.3975,29.926
4,3,12.8372,12.9254,9.0746,5,66.0739,71.3712,22.1903
4,4,16.853,16.517,14.7844,1,44.7931,50.2763,28.9108
4,4,16.853,16.517,14.7844,2,39.5729,40.3049,49.3078
4,4,16.853,16.517,14.7844,3,21.0191,24.6706,14.4403
4,4,16.853,16.517,14.7844,4,21.4309,21.9112,18.5056
4,4,16.853,16.517,14.7844,5,42.7519,51.759,55.5222
4,4,17.0121,16.7188,14.5327,1,49.3459,43.6412,10.7244
4,4,17.0121,16.7188,14.5327,2,42.268,40.1483,14.3858
4,4,17.0121,16.7188,14.5327,3,22.4995,26.042,12.0809
4,4,17.0121,16.7188,14.5327,4,21.5093,21.8622,14.344
4,4,17.0121,16.7188,14.5327,5,33.4226,49.1917,14.5878
4,4,16.9057,16.8807,15.2656,1,49.649,44.6247,17.4464
4,4,16.9057,16.8807,15.2656,2,42.0025,40.9537,26.0884
4,4,16.9057,16.8807,15.2656,3,19.6894,19.669,12.8663
4,4,16.9057,16.8807,15.2656,4,20.3475,19.5391,17.4595
4,4,16.9057,16.8807,15.2656,5,37.3376,32.5296,21.541
4,4,17.0729,16.9899,15.2808,1,56.3119,47.6952,23.384
4,4,17.0729,16.9899,15.2808,2,45.924,42.3801,23.6717
4,4,17.0729,16.9899,15.2808,3,22.1043,21.7892,12.1733
4,4,17.0729,16.9899,15.2808,4,21.4174,19.5752,19.0198
4,4,17.0729,16.9899,15.2808,5,33.6108,33.9879,24.8542
4,4,16.7449,16.7166,15.7057,1,52.0631,46.6254,25.7578
4,4,16.7449,16.7166,15.7057,2,43.8231,41.4654,33.6692
4,4,16.7449,16.7166,15.7057,3,21.7138,22.5873,14.7036
4,4,16.7449,16.7166,15.7057,4,19.805,19.9961,19.0362
4,4,16.7449,16.7166,15.7057,5,37.5734,43.5107,29.3679
4,5,12.274,13.1906,14.9295,1,63.1655,59.0793,24.2876
4,5,12.274,13.1906,14.9295,2,55.5385,58.9151,29.9339
4,5,12.274,13.1906,14.9295,3,43.1539,70.9331,25.9787
4,5,12.274,13.1906,14.9295,4,41.3093,50.1356,33.3284
4,5,12.274,13.1906,14.9295,5,8.8643,8.6742,15.2812
4,5,12.7328,12.6487,15.12,1,78.5315,58.808,25.2106
4,5,12.7328,12.6487,15.12,2,69.1672,52.7112,48.4987
4,5,12.7328,12.6487,15.12,3,62.9956,49.7596,16.9275
4,5,12.7328,12.6487,15.12,4,41.2578,40.314,45.4897
4,5,12.7328,12.6487,15.12,5,8.7227,9.6301,14.6545
4,5,13.2909,12.8034,14.148,1,61.8519,84.0388,20.4882
4,5,13.2909,12.8034,14.148,2,50.0783,66.8327,19.7658
4,5,13.2909,12.8034,14.148,3,40.3803,48.2165,46.4678
4,5,13.2909,12.8034,14.148,4,38.0895,46.8307,22.673
4,5,13.2909,12.8034,14.148,5,9.4541,9.1835,15.0487
4,5,12.6536,12.8285,14.8299,1,69.4326,95.5549,29.2226
4,5,12.6536,12.8285,14.8299,2,56.4858,63.1633,33.4353
4,5,12.6536,12.8285,14.8299,3,57.0487,49.2247,30.647
4,5,12.6536,12.8285,14.8299,4,44.7256,37.9396,33.5863
4,5,12.6536,12.8285,14.8299,5,8.7906,8.8298,14.7732
4,5,12.8007,12.5162,14.6996,1,56.2848,57.4895,27.3392
4,5,12.8007,12.5162,14.6996,2,54.5591,70.99,38.1906
4,5,12.8007,12.5162,14.6996,3,41.3857,53.835,31.2119
4,5,12.8007,12.5162,14.6996,4,39.9799,52.7571,32.8385
4,5,12.8007,12.5162,14.6996,5,8.3755,8.7307,15.3739
5,1,18.6143,18.1845,13.5102,1,27.8667,28.6028,16.4719
5,1,18.6143,18.1845,13.5102,2,27.8475,34.4892,29.9138
5,1,18.6143,18.1845,13.5102,3,69.7281,62.4497,18.5987
5,1,18.6143,18.1845,13.5102,4,42.6143,40.699,42.3851
5,1,18.6143,18.1845,13.5102,5,65.4653,66.6989,13.0808
5,1,20.4571,18.3956,14.2757,1,26.8852,27.4234,23.46
5,1,20.4571,18.3956,14.2757,2,29.8174,31.1668,46.4548
5,1,20.4571,18.3956,14.2757,3,54.1686,60.8629,97.5349
5,1,20.4571,18.3956,14.2757,4,39.2802,38.0415,152.7279
5,1,20.4571,18.3956,14.2757,5,56.1463,66.2056,49.7713
5,1,18.5676,18.184,14.8621,1,26.4215,26.9473,20.5743
5,1,18.5676,18.184,14.8621,2,26.9879,27.0955,64.1775
5,1,18.5676,18.184,14.8621,3,65.8861,87.0637,94.5186
5,1,18.5676,18.184,14.8621,4,39.5054,46.7402,161.9006
5,1,18.5676,18.184,14.8621,5,68.6588,65.032,55.8356
5,1,18.5858,18.236,14.0908,1,28.5208,29.0403,14.9727
5,1,18.5858,18.236,14.0908,2,39.3436,28.1492,21.8812
5,1,18.5858,18.236,14.0908,3,59.1481,84.0991,61.9359
5,1,18.5858,18.236,14.0908,4,46.7574,38.0946,63.1252
5,1,18.5858,18.236,14.0908,5,67.5776,56.7138,46.0613
5,1,18.6122,18.0345,13.6676,1,27.4099,28.7494,18.7735
5,1,18.6122,18.0345,13.6676,2,28.7282,31.0273,20.6144
5,1,18.6122,18.0345,13.6676,3,70.279,69.8586,18.2857
5,1,18.6122,18.0345,13.6676,4,42.9881,47.9158,39.3864
5,1,18.6122,18.0345,13.6676,5,58.3898,61.5175,14.1956
5,2,20.171,19.9599,17.8141,1,23.1166,23.4339,30.9776
5,2,20.171,19.9599,17.8141,2,36.9281,44.8948,18.7264
5,2,20.171,19.9599,17.8141,3,149.9999,167.629,191.81
5,2,20.171,19.9599,17.8141,4,94.739,120.6859,126.4234
5,2,20.171,19.9599,17.8141,5,52.9823,58.9525,78.9112
5,2,19.9913,19.0308,17.7341,1,22.3391,24.6328,18.5109
5,2,19.9913,19.0308,17.7341,2,32.5254,44.6324,17.3867
5,2,19.9913,19.0308,17.7341,3,143.965,169.8723,40.4122
5,2,19.9913,19.0308,17.7341,4,77.8124,69.5204,29.9999
5,2,19.9913,19.0308,17.7341,5,53.0957,61.4465,35.9381
5,2,19.8954,19.7589,18.3108,1,23.0778,23.8857,17.6117
5,2,19.8954,19.7589,18.3108,2,30.2222,36.5176,24.7779
5,2,19.8954,19.7589,18.3108,3,130.6867,147.9725,128.412
5,2,19.8954,19.7589,18.3108,4,65.4627,81.2406,92.5617
5,2,19.8954,19.7589,18.3108,5,56.925,51.3972,155.6508
5,2,19.9861,19.2861,17.6395,1,22.6613,24.1623,22.9516
5,2,19.9861,19.2861,17.6395,2,34.9354,37.0669,20.4443
5,2,19.9861,19.2861,17.6395,3,137.4237,160.8965,77.5393
5,2,19.9861,19.2861,17.6395,4,89.1854,76.6137,44.6541
5,2,19.9861,19.2861,17.6395,5,53.6094,57.9855,37.5844
5,2,19.8846,19.6541,16.7234,1,23.8742,24.0393,14.9826
5,2,19.8846,19.6541,16.7234,2,35.8867,36.8135,25.6913
5,2,19.8846,19.6541,16.7234,3,139.4151,139.1905,72.3546
5,2,19.8846,19.6541,16.7234,4,89.9204,71.8299,54.8439
5,2,19.8846,19.6541,16.7234,5,49.2165,49.9129,27.9778
5,3,13.2708,12.7931,9.858,1,155.4289,110.7902,56.2951
5,3,13.2708,12.7931,9.858,2,65.83,71.9476,54.6345
5,3,13.2708,12.7931,9.858,3,15.7508,18.1926,16.2329
5,3,13.2708,12.7931,9.858,4,31.4806,32.0713,38.1152
5,3,13.2708,12.7931,9.858,5,56.6274,43.3421,48.5726
5,3,13.0586,13.0586,9.1653,1,110.7538,122.1639,36.13
5,3,13.0586,13.0586,9.1653,2,59.7525,64.7742,40.1755
5,3,13.0586,13.0586,9.1653,3,14.6403,16.4489,12.5017
5,3,13.0586,13.0586,9.1653,4,48.1884,32.6386,25.0439
5,3,13.0586,13.0586,9.1653,5,84.5195,57.6843,33.8655
5,3,13.4434,12.857,8.6946,1,63.3992,112.0652,209.5772
5,3,13.4434,12.857,8.6946,2,40.4417,63.9174,135.1246
5,3,13.4434,12.857,8.6946,3,16.0139,15.1121,16.2139
5,3,13.4434,12.857,8.6946,4,28.2058,30.2756,53.4711
5,3,13.4434,12.857,8.6946,5,47.6111,68.4128,49.7581
5,3,13.6863,12.5601,9.0957,1,58.903,73.1873,42.3722
5,3,13.6863,12.5601,9.0957,2,37.0213,48.0952,58.1002
5,3,13.6863,12.5601,9.0957,3,16.6116,14.3608,14.0983
5,3,13.6863,12.5601,9.0957,4,27.9493,35.3847,57.4707
5,3,13.6863,12.5601,9.0957,5,48.5274,51.5187,35.6169
5,3,13.0228,13.0255,8.8949,1,159.0593,109.8013,88.1787
5,3,13.0228,13.0255,8.8949,2,68.5672,64.4278,106.7281
5,3,13.0228,13.0255,8.8949,3,15.3802,15.5608,22.1574
5,3,13.0228,13.0255,8.8949,4,46.0238,39.8412,45.4152
5,3,13.0228,13.0255,8.8949,5,69.7201,80.8393,27.9236
5,4,16.7768,16.7013,15.8415,1,49.9163,46.5649,28.1724
5,4,16.7768,16.7013,15.8415,2,39.6368,41.5633,26.5219
5,4,16.7768,16.7013,15.8415,3,20.4771,23.9777,11.0219
5,4,16.7768,16.7013,15.8415,4,20.6979,21.2699,17.1026
5,4,16.7768,16.7013,15.8415,5,40.3764,44.6339,15.0791
5,4,16.9656,16.8394,15.4703,1,50.8839,44.6934,38.1057
5,4,16.9656,16.8394,15.4703,2,43.396,42.1013,21.6039
5,4,16.9656,16.8394,15.4703,3,22.577,21.5065,10.7897
5,4,16.9656,16.8394,15.4703,4,22.2915,20.578,12.4612
5,4,16.9656,16.8394,15.4703,5,36.1988,37.6968,13.675
5,4,16.8751,16.3266,15.4245,1,45.6931,47.0691,35.7777
5,4,16.8751,16.3266,15.4245,2,41.8775,40.4036,50.9411
5,4,16.8751,16.3266,15.4245,3,19.5145,21.0001,13.2017
5,4,16.8751,16.3266,15.4245,4,20.2447,20.9743,17.8333
5,4,16.8751,16.3266,15.4245,5,35.3031,58.2381,29.3903
5,4,17.2948,16.6795,15.1873,1,48.6532,51.2768,42.4985
5,4,17.2948,16.6795,15.1873,2,45.1823,42.0463,27.7464
5,4,17.2948,16.6795,15.1873,3,21.6451,22.3881,11.3122
5,4,17.2948,16.6795,15.1873,4,20.7105,19.4431,18.2531
5,4,17.2948,16.6795,15.1873,5,33.2888,34.5419,26.7328
5,4,16.7581,16.8901,15.8624,1,50.822,48.1646,126.4382
5,4,16.7581,16.8901,15.8624,2,42.9303,42.8047,68.5056
5,4,16.7581,16.8901,15.8624,3,21.3707,19.4626,14.4038
5,4,16.7581,16.8901,15.8624,4,21.2308,19.9634,16.7071
5,4,16.7581,16.8901,15.8624,5,35.4313,32.0447,52.759
5,5,12.659,12.3594,14.6982,1,86.1213,61.6484,26.0155
5,5,12.659,12.3594,14.6982,2,69.5416,54.9549,27.6995
5,5,12.659,12.3594,14.6982,3,46.1383,51.7776,117.2573
5,5,12.659,12.3594,14.6982,4,40.829,39.4386,72.7993
5,5,12.659,12.3594,14.6982,5,9.1417,9.0687,13.8915
5,5,12.4238,11.8998,15.339,1,69.8656,71.6661,36.9333
5,5,12.4238,11.8998,15.339,2,50.3261,58.3548,43.2838
5,5,12.4238,11.8998,15.339,3,41.2773,46.1566,101.3368
5,5,12.4238,11.8998,15.339,4,37.5831,38.5652,51.5211
5,5,12.4238,11.8998,15.339,5,8.3975,10.2608,14.6107
5,5,12.327,12.4302,15.5403,1,63.8827,63.7407,47.3964
5,5,12.327,12.4302,15.5403,2,64.3174,58.8909,30.8421
5,5,12.327,12.4302,15.5403,3,48.3109,50.2389,178.6559
5,5,12.327,12.4302,15.5403,4,39.7915,41.3781,84.2061
5,5,12.327,12.4302,15.5403,5,8.5173,9.0435,17.5075
5,5,14.9645,12.0631,15.2134,1,71.8049,59.0175,26.8553
5,5,14.9645,12.0631,15.2134,2,60.1874,53.3492,28.4345
5,5,14.9645,12.0631,15.2134,3,37.2384,56.0288,60.9431
5,5,14.9645,12.0631,15.2134,4,35.2708,37.2429,28.8928
5,5,14.9645,12.0631,15.2134,5,11.5182,9.3059,17.3217
5,5,12.7523,12.2287,14.9025,1,76.9102,115.6217,26.5639
5,5,12.7523,12.2287,14.9025,2,58.2546,68.668,18.0789
5,5,12.7523,12.2287,14.9025,3,44.4239,53.516,16.808
5,5,12.7523,12.2287,14.9025,4,38.8045,38.9538,15.8963
5,5,12.7523,12.2287,14.9025,5,8.8372,8.9371,12.4006
