1,1,20.5356,20.6123,32.5749,1,20.8146,20.4895,33.5689
1,1,20.5356,20.6123,32.5749,2,26.7626,27.2306,38.957
1,1,20.5356,20.6123,32.5749,3,40.814,40.4004,69.7876
1,1,20.5356,20.6123,32.5749,4,61.8379,61.9412,80.6312
1,1,20.5356,20.6123,32.5749,5,68.6735,68.6297,114.3267
1,1,20.3315,20.5371,33.6965,1,20.587,20.6262,34.909
1,1,20.3315,20.5371,33.6965,2,25.8807,26.4315,35.5819
1,1,20.3315,20.5371,33.6965,3,39.5203,39.7283,67.4553
1,1,20.3315,20.5371,33.6965,4,61.7338,61.8102,86.7578
1,1,20.3315,20.5371,33.6965,5,68.1374,68.7821,117.6637
1,1,20.5371,20.5682,32.6576,1,20.6579,20.7688,31.1089
1,1,20.5371,20.5682,32.6576,2,26.6082,26.1665,36.4615
1,1,20.5371,20.5682,32.6576,3,41.4405,40.3934,54.5332
1,1,20.5371,20.5682,32.6576,4,61.1113,61.8702,74.972
1,1,20.5371,20.5682,32.6576,5,69.909,68.8747,94.5287
1,1,20.5074,20.5088,31.3187,1,20.6305,20.7399,30.4313
1,1,20.5074,20.5088,31.3187,2,26.8624,26.5921,37.2659
1,1,20.5074,20.5088,31.3187,3,40.1576,41.0657,60.5965
1,1,20.5074,20.5088,31.3187,4,62.4655,62.1637,100.8293
1,1,20.5074,20.5088,31.3187,5,68.4185,69.4605,129.5938
1,1,20.5408,20.3192,31.9928,1,20.4377,20.4486,33.3671
1,1,20.5408,20.3192,31.9928,2,26.916,24.9969,37.1068
1,1,20.5408,20.3192,31.9928,3,40.8024,40.685,66.5765
1,1,20.5408,20.3192,31.9928,4,61.5601,61.9946,78.2225
1,1,20.5408,20.3192,31.9928,5,69.5906,73.2895,110.3487
1,2,20.7022,20.7555,27.6078,1,24.6325,24.0102,31.1707
1,2,20.7022,20.7555,27.6078,2,25.8495,25.6072,33.6436
1,2,20.7022,20.7555,27.6078,3,41.5888,41.9836,60.5401
1,2,20.7022,20.7555,27.6078,4,71.4397,71.5599,99.7064
1,2,20.7022,20.7555,27.6078,5,77.7532,77.9531,115.5887
1,2,20.6903,20.6751,26.6194,1,24.8562,25.1737,28.7358
1,2,20.6903,20.6751,26.6194,2,26.1333,26.1696,32.4274
1,2,20.6903,20.6751,26.6194,3,41.6146,42.5159,61.0217
1,2,20.6903,20.6751,26.6194,4,72.1665,72.0884,87.057
1,2,20.6903,20.6751,26.6194,5,78.0543,78.7094,116.3292
1,2,20.8082,20.6817,25.9333,1,24.3998,24.6138,29.2794
1,2,20.8082,20.6817,25.9333,2,26.0178,25.9885,28.6033
1,2,20.8082,20.6817,25.9333,3,41.1474,42.6224,60.4201
1,2,20.8082,20.6817,25.9333,4,72.6397,72.5597,83.2777
1,2,20.8082,20.6817,25.9333,5,76.9497,79.0597,110.2378
1,2,20.7187,20.7059,24.2935,1,25.0066,24.8772,28.9535
1,2,20.7187,20.7059,24.2935,2,26.6333,26.1474,27.6974
1,2,20.7187,20.7059,24.2935,3,42.4175,41.6015,61.2168
1,2,20.7187,20.7059,24.2935,4,72.5503,72.1078,86.2888
1,2,20.7187,20.7059,24.2935,5,79.4765,77.3659,118.9248
1,2,20.7147,20.4305,24.3822,1,25.0024,25.7709,29.4494
1,2,20.7147,20.4305,24.3822,2,26.1977,25.5101,27.1591
1,2,20.7147,20.4305,24.3822,3,42.3114,44.9438,54.7178
1,2,20.7147,20.4305,24.3822,4,72.1481,71.9965,79.3835
1,2,20.7147,20.4305,24.3822,5,78.9087,83.6667,104.3714
1,3,12.8722,12.7249,24.2373,1,45.6274,44.5215,60.1088
1,3,12.8722,12.7249,24.2373,2,52.6263,51.8356,78.2731
1,3,12.8722,12.7249,24.2373,3,17.8029,17.9532,33.8525
1,3,12.8722,12.7249,24.2373,4,61.0329,62.9019,84.6193
1,3,12.8722,12.7249,24.2373,5,45.5648,46.7657,73.6968
1,3,12.7134,12.7776,23.5017,1,44.5301,46.3573,60.6568
1,3,12.7134,12.7776,23.5017,2,52.0663,53.1974,75.9249
1,3,12.7134,12.7776,23.5017,3,17.7324,18.0119,33.5817
1,3,12.7134,12.7776,23.5017,4,60.9022,62.3551,82.1479
1,3,12.7134,12.7776,23.5017,5,45.4247,45.8078,70.5555
1,3,12.9042,12.6928,24.4703,1,45.1177,46.1877,57.2939
1,3,12.9042,12.6928,24.4703,2,51.8315,52.912,77.1445
1,3,12.9042,12.6928,24.4703,3,17.9026,18.141,33.4216
1,3,12.9042,12.6928,24.4703,4,61.9963,61.5353,79.4913
1,3,12.9042,12.6928,24.4703,5,46.1771,45.4803,71.1684
1,3,12.9351,12.7503,25.377,1,45.4715,44.3571,58.8057
1,3,12.9351,12.7503,25.377,2,52.8698,51.9074,78.9102
1,3,12.9351,12.7503,25.377,3,17.7982,17.8738,35.3417
1,3,12.9351,12.7503,25.377,4,61.3751,63.1767,79.0606
1,3,12.9351,12.7503,25.377,5,45.7572,46.7389,72.3518
1,3,12.7284,12.7052,25.0759,1,45.2078,44.9974,63.5101
1,3,12.7284,12.7052,25.0759,2,52.7069,52.603,82.4365
1,3,12.7284,12.7052,25.0759,3,17.8688,17.8799,35.6117
1,3,12.7284,12.7052,25.0759,4,62.8918,62.1064,86.042
1,3,12.7284,12.7052,25.0759,5,46.6003,45.8222,73.0446
1,4,17.6079,17.7177,30.0206,1,42.1867,42.1337,56.668
1,4,17.6079,17.7177,30.0206,2,57.8054,57.6649,72.6483
1,4,17.6079,17.7177,30.0206,3,25.0558,24.0127,33.638
1,4,17.6079,17.7177,30.0206,4,41.6269,41.9404,58.2479
1,4,17.6079,17.7177,30.0206,5,36.9614,36.5503,60.2572
1,4,17.6462,17.7073,28.6252,1,42.3392,42.0771,53.4308
1,4,17.6462,17.7073,28.6252,2,57.1858,57.1262,67.0678
1,4,17.6462,17.7073,28.6252,3,25.3491,25.7603,31.4009
1,4,17.6462,17.7073,28.6252,4,41.2089,41.309,52.3992
1,4,17.6462,17.7073,28.6252,5,37.0042,36.6539,56.5119
1,4,17.6357,17.7711,29.8332,1,41.8351,41.987,59.337
1,4,17.6357,17.7711,29.8332,2,56.7692,57.3014,74.5588
1,4,17.6357,17.7711,29.8332,3,25.0699,24.0508,33.6013
1,4,17.6357,17.7711,29.8332,4,41.1639,41.1122,59.9381
1,4,17.6357,17.7711,29.8332,5,37.1387,36.8113,64.0111
1,4,17.6173,17.6909,28.6446,1,41.2584,41.8951,53.9559
1,4,17.6173,17.6909,28.6446,2,56.9261,57.3903,66.3608
1,4,17.6173,17.6909,28.6446,3,24.6208,25.1843,31.5334
1,4,17.6173,17.6909,28.6446,4,41.8907,41.788,56.0703
1,4,17.6173,17.6909,28.6446,5,37.0323,36.8421,60.8814
1,4,17.6463,17.7359,29.1348,1,42.1435,42.1331,58.2115
1,4,17.6463,17.7359,29.1348,2,57.4275,58.2246,75.1013
1,4,17.6463,17.7359,29.1348,3,24.6801,26.2377,32.4609
1,4,17.6463,17.7359,29.1348,4,41.3406,42.2141,58.711
1,4,17.6463,17.7359,29.1348,5,36.6233,37.4959,61.3503
1,5,21.388,21.2657,37.0695,1,41.1347,41.5204,57.3734
1,5,21.388,21.2657,37.0695,2,50.0265,50.7915,69.3816
1,5,21.388,21.2657,37.0695,3,19.1015,18.9671,35.0418
1,5,21.388,21.2657,37.0695,4,47.1649,47.159,55.2507
1,5,21.388,21.2657,37.0695,5,36.612,36.3235,59.3462
1,5,21.3864,21.1678,34.8724,1,40.9058,42.13,63.8655
1,5,21.3864,21.1678,34.8724,2,49.8175,50.5467,79.2049
1,5,21.3864,21.1678,34.8724,3,19.157,19.2631,31.7536
1,5,21.3864,21.1678,34.8724,4,47.0904,46.5288,56.4372
1,5,21.3864,21.1678,34.8724,5,36.7022,36.244,53.0237
1,5,21.3194,21.2145,38.0324,1,41.5898,41.5081,60.9123
1,5,21.3194,21.2145,38.0324,2,50.4505,50.3451,74.5257
1,5,21.3194,21.2145,38.0324,3,19.0824,19.0945,35.409
1,5,21.3194,21.2145,38.0324,4,46.9129,46.4292,56.4253
1,5,21.3194,21.2145,38.0324,5,36.3834,36.0703,59.1948
1,5,21.3685,21.1713,33.5699,1,40.5413,42.0736,63.1505
1,5,21.3685,21.1713,33.5699,2,49.5872,50.999,66.9336
1,5,21.3685,21.1713,33.5699,3,18.9409,19.4332,29.5604
1,5,21.3685,21.1713,33.5699,4,46.9403,46.0574,54.9649
1,5,21.3685,21.1713,33.5699,5,36.6124,35.8334,57.4226
1,5,21.3401,21.1613,38.5398,1,41.0205,41.7522,60.4779
1,5,21.3401,21.1613,38.5398,2,50.2166,50.5294,75.9143
1,5,21.3401,21.1613,38.5398,3,19.1058,19.3312,35.7798
1,5,21.3401,21.1613,38.5398,4,47.6073,46.5728,63.0892
1,5,21.3401,21.1613,38.5398,5,36.767,35.9894,60.018
2,1,20.51,20.5183,32.3439,1,20.5813,20.6563,33.7021
2,1,20.51,20.5183,32.3439,2,26.3452,26.36,39.0195
2,1,20.51,20.5183,32.3439,3,40.8417,41.4042,62.1368
2,1,20.51,20.5183,32.3439,4,61.7838,62.0897,73.7808
2,1,20.51,20.5183,32.3439,5,69.951,70.9981,104.6062
2,1,20.0982,20.52,31.057,1,21.1316,20.6517,31.4999
2,1,20.0982,20.52,31.057,2,26.1874,26.7145,34.7315
2,1,20.0982,20.52,31.057,3,40.7687,41.3787,60.2034
2,1,20.0982,20.52,31.057,4,66.2657,62.5947,75.0736
2,1,20.0982,20.52,31.057,5,72.7493,70.516,105.7757
2,1,20.1319,20.5068,32.3632,1,20.8831,20.6205,31.9928
2,1,20.1319,20.5068,32.3632,2,26.0239,26.8334,34.4634
2,1,20.1319,20.5068,32.3632,3,41.8261,40.7348,61.3917
2,1,20.1319,20.5068,32.3632,4,62.4778,62.0453,83.0911
2,1,20.1319,20.5068,32.3632,5,72.8663,69.0346,116.6461
2,1,20.0268,20.348,33.9372,1,20.6597,20.887,33.2575
2,1,20.0268,20.348,33.9372,2,26.2287,25.8427,35.2523
2,1,20.0268,20.348,33.9372,3,40.8579,41.3941,59.8215
2,1,20.0268,20.348,33.9372,4,65.1293,63.876,77.3426
2,1,20.0268,20.348,33.9372,5,73.3419,71.6154,102.7968
2,1,20.52,20.4934,32.7896,1,20.7982,20.5489,32.0468
2,1,20.52,20.4934,32.7896,2,26.4616,26.6147,39.4159
2,1,20.52,20.4934,32.7896,3,39.7688,40.6723,39.3513
2,1,20.52,20.4934,32.7896,4,62.2209,62.0747,55.6223
2,1,20.52,20.4934,32.7896,5,68.0061,69.8764,66.8471
2,2,20.6559,20.7154,29.1997,1,24.9328,24.8115,40.2638
2,2,20.6559,20.7154,29.1997,2,26.1669,26.376,37.2358
2,2,20.6559,20.7154,29.1997,3,41.8864,42.569,121.5986
2,2,20.6559,20.7154,29.1997,4,71.6907,72.9786,125.131
2,2,20.6559,20.7154,29.1997,5,78.433,80.6603,120.5552
2,2,20.8314,20.3419,28.0105,1,24.6157,26.4515,31.6527
2,2,20.8314,20.3419,28.0105,2,26.3128,24.8645,30.839
2,2,20.8314,20.3419,28.0105,3,40.7171,56.4924,74.9257
2,2,20.8314,20.3419,28.0105,4,73.1322,82.3681,106.2773
2,2,20.8314,20.3419,28.0105,5,76.7002,107.2777,143.8079
2,2,20.7274,20.7229,29.368,1,24.8983,24.9721,26.628
2,2,20.7274,20.7229,29.368,2,26.093,25.8268,39.7692
2,2,20.7274,20.7229,29.368,3,41.59,42.1877,74.4717
2,2,20.7274,20.7229,29.368,4,72.8086,72.3012,99.8762
2,2,20.7274,20.7229,29.368,5,77.1009,77.8054,114.8225
2,2,20.6809,20.6882,27.8204,1,24.6651,24.2933,38.9498
2,2,20.6809,20.6882,27.8204,2,25.8351,25.9574,32.5059
2,2,20.6809,20.6882,27.8204,3,42.3456,42.7575,82.3724
2,2,20.6809,20.6882,27.8204,4,71.5058,71.8487,95.4034
2,2,20.6809,20.6882,27.8204,5,78.9065,79.3566,127.4553
2,2,20.6771,20.3602,24.5507,1,25.3578,25.1153,31.2115
2,2,20.6771,20.3602,24.5507,2,26.3028,24.339,29.3259
2,2,20.6771,20.3602,24.5507,3,41.5006,54.4403,232.0237
2,2,20.6771,20.3602,24.5507,4,72.3481,81.2993,308.746
2,2,20.6771,20.3602,24.5507,5,77.5827,105.4807,437.793
2,3,12.6612,12.6988,23.1449,1,45.3123,44.4889,40.2118
2,3,12.6612,12.6988,23.1449,2,52.4975,51.656,51.9625
2,3,12.6612,12.6988,23.1449,3,17.9014,17.8397,32.1904
2,3,12.6612,12.6988,23.1449,4,59.5676,61.6691,78.3256
2,3,12.6612,12.6988,23.1449,5,44.3516,45.8294,72.594
2,3,12.8794,12.6991,24.7388,1,46.2744,47.0129,64.633
2,3,12.8794,12.6991,24.7388,2,52.7144,54.1495,89.8326
2,3,12.8794,12.6991,24.7388,3,18.0092,18.6335,34.2417
2,3,12.8794,12.6991,24.7388,4,61.2671,60.189,81.3754
2,3,12.8794,12.6991,24.7388,5,45.5961,44.6713,72.6841
2,3,12.8963,12.7016,25.7608,1,45.5265,46.199,60.8645
2,3,12.8963,12.7016,25.7608,2,52.0629,52.6852,79.9454
2,3,12.8963,12.7016,25.7608,3,17.7575,18.1079,35.7902
2,3,12.8963,12.7016,25.7608,4,60.3344,60.9762,77.472
2,3,12.8963,12.7016,25.7608,5,44.9399,45.1569,68.9102
2,3,12.6713,12.6831,23.6797,1,46.2184,45.6176,54.4941
2,3,12.6713,12.6831,23.6797,2,53.3956,52.5839,71.9718
2,3,12.6713,12.6831,23.6797,3,18.365,18.0924,32.0753
2,3,12.6713,12.6831,23.6797,4,60.6803,60.7008,74.9554
2,3,12.6713,12.6831,23.6797,5,44.8536,45.0184,68.3609
2,3,12.8903,12.7331,22.9894,1,45.9671,45.3588,38.9393
2,3,12.8903,12.7331,22.9894,2,52.6941,52.6251,41.2775
2,3,12.8903,12.7331,22.9894,3,17.8923,17.8404,31.7062
2,3,12.8903,12.7331,22.9894,4,60.8576,62.0743,86.6379
2,3,12.8903,12.7331,22.9894,5,45.4054,45.7547,74.0935
2,4,17.5947,17.5575,31.0918,1,42.5714,41.5609,58.2786
2,4,17.5947,17.5575,31.0918,2,57.7245,56.4069,67.1474
2,4,17.5947,17.5575,31.0918,3,24.7525,25.2236,35.5589
2,4,17.5947,17.5575,31.0918,4,42.077,41.6129,63.2372
2,4,17.5947,17.5575,31.0918,5,36.9916,37.0054,65.776
2,4,17.5211,17.5991,30.6292,1,43.0601,42.5925,47.5483
2,4,17.5211,17.5991,30.6292,2,57.4766,57.7324,72.8388
2,4,17.5211,17.5991,30.6292,3,25.4651,24.6371,34.1566
2,4,17.5211,17.5991,30.6292,4,42.3693,42.8281,56.9922
2,4,17.5211,17.5991,30.6292,5,37.1455,36.8966,63.0698
2,4,18.0366,17.541,27.25,1,41.6516,42.8673,38.821
2,4,18.0366,17.541,27.25,2,57.6465,57.8359,48.0214
2,4,18.0366,17.541,27.25,3,24.0032,25.3156,32.0409
2,4,18.0366,17.541,27.25,4,41.3292,41.9187,58.3984
2,4,18.0366,17.541,27.25,5,37.2167,37.0928,60.7672
2,4,17.6107,17.5079,27.9869,1,41.9511,42.1536,68.4977
2,4,17.6107,17.5079,27.9869,2,57.1729,57.7555,97.9826
2,4,17.6107,17.5079,27.9869,3,25.5199,24.8317,30.9896
2,4,17.6107,17.5079,27.9869,4,41.4783,42.9526,58.746
2,4,17.6107,17.5079,27.9869,5,37.319,37.654,59.0697
2,4,17.5137,17.4925,30.2646,1,42.4918,42.1028,71.1247
2,4,17.5137,17.4925,30.2646,2,57.4541,57.4403,91.9894
2,4,17.5137,17.4925,30.2646,3,25.0633,25.4485,34.3234
2,4,17.5137,17.4925,30.2646,4,41.9303,42.3456,63.4482
2,4,17.5137,17.4925,30.2646,5,37.225,37.6878,61.6933
2,5,21.377,20.6359,38.0507,1,41.0739,44.405,53.0508
2,5,21.377,20.6359,38.0507,2,50.2128,54.3013,67.281
2,5,21.377,20.6359,38.0507,3,19.0465,20.3088,31.3141
2,5,21.377,20.6359,38.0507,4,47.6902,48.8112,67.9984
2,5,21.377,20.6359,38.0507,5,36.9019,37.0704,64.3142
2,5,21.3528,21.2773,35.4237,1,41.1117,41.926,49.197
2,5,21.3528,21.2773,35.4237,2,49.9176,50.7383,56.8549
2,5,21.3528,21.2773,35.4237,3,19.1496,18.9576,34.1839
2,5,21.3528,21.2773,35.4237,4,46.6523,47.8054,55.3505
2,5,21.3528,21.2773,35.4237,5,36.4698,36.7412,51.23
2,5,21.3391,20.8319,34.3018,1,41.9726,45.8917,40.5938
2,5,21.3391,20.8319,34.3018,2,50.5248,54.1414,50.1252
2,5,21.3391,20.8319,34.3018,3,18.9636,21.284,31.7519
2,5,21.3391,20.8319,34.3018,4,47.1247,48.467,57.1052
2,5,21.3391,20.8319,34.3018,5,36.7338,37.5166,56.6925
2,5,21.3227,21.4132,37.0393,1,41.0117,41.0368,70.2369
2,5,21.3227,21.4132,37.0393,2,50.0043,50.5785,60.0458
2,5,21.3227,21.4132,37.0393,3,19.0934,18.8862,33.099
2,5,21.3227,21.4132,37.0393,4,47.2954,47.9779,60.3615
2,5,21.3227,21.4132,37.0393,5,36.584,36.7831,61.521
2,5,21.4006,20.6357,35.622,1,41.9617,42.8002,54.7588
2,5,21.4006,20.6357,35.622,2,50.9775,52.599,74.0526
2,5,21.4006,20.6357,35.622,3,18.7358,20.6279,38.0534
2,5,21.4006,20.6357,35.622,4,47.8035,46.5041,56.7618
2,5,21.4006,20.6357,35.622,5,36.991,36.6976,48.7491
3,1,20.5031,19.5368,32.6802,1,20.414,22.3001,33.3556
3,1,20.5031,19.5368,32.6802,2,26.6949,26.8782,35.2682
3,1,20.5031,19.5368,32.6802,3,41.6149,39.9482,64.9153
3,1,20.5031,19.5368,32.6802,4,63.9138,63.1571,81.5997
3,1,20.5031,19.5368,32.6802,5,73.9314,68.3032,122.5594
3,1,20.393,20.3337,31.4205,1,20.7968,20.7492,33.0306
3,1,20.393,20.3337,31.4205,2,26.4166,25.5398,35.4683
3,1,20.393,20.3337,31.4205,3,41.0767,40.3386,53.4856
3,1,20.393,20.3337,31.4205,4,78.6863,63.5457,65.0489
3,1,20.393,20.3337,31.4205,5,78.8822,71.6011,95.6342
3,1,20.0446,20.3419,32.242,1,20.4119,20.5145,34.2257
3,1,20.0446,20.3419,32.242,2,25.5592,26.3012,38.9265
3,1,20.0446,20.3419,32.242,3,40.7071,41.4569,95.1155
3,1,20.0446,20.3419,32.242,4,61.5168,64.5475,104.6547
3,1,20.0446,20.3419,32.242,5,71.1369,71.5502,112.2134
3,1,20.2926,20.4565,33.1935,1,20.4108,20.5092,33.7
3,1,20.2926,20.4565,33.1935,2,26.0421,26.4562,47.0889
3,1,20.2926,20.4565,33.1935,3,41.4623,41.3129,52.9982
3,1,20.2926,20.4565,33.1935,4,66.8272,63.6097,77.8115
3,1,20.2926,20.4565,33.1935,5,72.7606,71.7139,91.848
3,1,20.3403,20.5108,31.4664,1,20.6419,20.5061,33.8581
3,1,20.3403,20.5108,31.4664,2,25.8394,26.3939,40.1533
3,1,20.3403,20.5108,31.4664,3,41.8328,41.411,48.5127
3,1,20.3403,20.5108,31.4664,4,65.9512,62.0891,68.716
3,1,20.3403,20.5108,31.4664,5,75.9454,71.7801,81.6379
3,2,20.6163,20.2387,29.4553,1,24.9769,26.378,30.4908
3,2,20.6163,20.2387,29.4553,2,25.3724,25.324,36.2476
3,2,20.6163,20.2387,29.4553,3,48.9549,51.8313,79.3037
3,2,20.6163,20.2387,29.4553,4,81.5383,77.7357,99.7929
3,2,20.6163,20.2387,29.4553,5,93.5488,98.191,117.1487
3,2,20.4071,20.3042,28.8996,1,24.9012,25.1025,29.871
3,2,20.4071,20.3042,28.8996,2,25.1308,24.6327,32.9065
3,2,20.4071,20.3042,28.8996,3,49.2845,51.2713,68.6374
3,2,20.4071,20.3042,28.8996,4,76.8469,78.4075,83.4555
3,2,20.4071,20.3042,28.8996,5,97.5737,99.3837,118.4596
3,2,20.4196,20.2399,29.0898,1,25.4632,26.2458,41.0191
3,2,20.4196,20.2399,29.0898,2,25.2677,25.7915,36.7971
3,2,20.4196,20.2399,29.0898,3,49.8878,50.3003,119.2594
3,2,20.4196,20.2399,29.0898,4,78.0219,76.1331,148.8863
3,2,20.4196,20.2399,29.0898,5,100.3756,94.3375,176.5514
3,2,20.549,20.3401,27.3246,1,24.1804,26.0272,34.501
3,2,20.549,20.3401,27.3246,2,25.3888,25.6961,30.0424
3,2,20.549,20.3401,27.3246,3,46.3983,50.7468,191.4899
3,2,20.549,20.3401,27.3246,4,75.2864,78.0078,260.8354
3,2,20.549,20.3401,27.3246,5,88.943,98.2829,353.3583
3,2,20.5347,20.5552,29.3007,1,24.8681,24.668,30.719
3,2,20.5347,20.5552,29.3007,2,25.583,25.0754,39.6872
3,2,20.5347,20.5552,29.3007,3,46.6053,42.4348,67.3873
3,2,20.5347,20.5552,29.3007,4,76.0371,71.2115,96.5878
3,2,20.5347,20.5552,29.3007,5,87.1582,80.4996,106.7197
3,3,12.6517,12.711,23.6912,1,46.3037,44.5637,55.7586
3,3,12.6517,12.711,23.6912,2,52.6407,51.7454,74.2371
3,3,12.6517,12.711,23.6912,3,17.9326,17.8596,31.8925
3,3,12.6517,12.711,23.6912,4,60.8974,61.3673,81.3793
3,3,12.6517,12.711,23.6912,5,45.1475,45.5751,76.4666
3,3,12.6471,12.7918,25.2903,1,46.4057,44.6553,23.2065
3,3,12.6471,12.7918,25.2903,2,53.3048,51.9129,37.8555
3,3,12.6471,12.7918,25.2903,3,18.1436,17.8992,29.8021
3,3,12.6471,12.7918,25.2903,4,62.6669,61.94,75.2588
3,3,12.6471,12.7918,25.2903,5,46.2563,45.9574,58.7864
3,3,12.6664,12.6897,23.3065,1,47.1661,45.2391,41.3487
3,3,12.6664,12.6897,23.3065,2,53.6563,52.3705,60.276
3,3,12.6664,12.6897,23.3065,3,18.4361,17.9257,29.4577
3,3,12.6664,12.6897,23.3065,4,61.2383,61.4457,68.9544
3,3,12.6664,12.6897,23.3065,5,45.2765,45.5207,64.5274
3,3,12.6891,12.7196,23.7165,1,45.5582,44.5201,32.4951
3,3,12.6891,12.7196,23.7165,2,52.0338,52.307,50.642
3,3,12.6891,12.7196,23.7165,3,17.9621,17.8555,33.4036
3,3,12.6891,12.7196,23.7165,4,61.2768,61.6261,73.2734
3,3,12.6891,12.7196,23.7165,5,45.739,45.4562,52.8789
3,3,12.8957,12.6943,25.2094,1,45.3348,45.4305,35.1862
3,3,12.8957,12.6943,25.2094,2,52.2901,52.4914,53.5436
3,3,12.8957,12.6943,25.2094,3,17.6945,18.1723,34.4034
3,3,12.8957,12.6943,25.2094,4,59.7443,60.0254,77.6017
3,3,12.8957,12.6943,25.2094,5,44.715,44.5654,61.1095
3,4,17.6029,17.5573,29.3696,1,42.6685,42.5361,71.4521
3,4,17.6029,17.5573,29.3696,2,57.9214,57.5838,82.1469
3,4,17.6029,17.5573,29.3696,3,24.8898,24.4615,33.5763
3,4,17.6029,17.5573,29.3696,4,42.0442,42.0966,58.757
3,4,17.6029,17.5573,29.3696,5,37.5396,37.0261,60.6919
3,4,17.5855,17.5121,29.8631,1,43.531,42.1565,155.2757
3,4,17.5855,17.5121,29.8631,2,58.7568,57.4065,213.527
3,4,17.5855,17.5121,29.8631,3,25.034,24.6715,38.1509
3,4,17.5855,17.5121,29.8631,4,43.4739,42.5497,67.1009
3,4,17.5855,17.5121,29.8631,5,37.624,37.3052,71.1096
3,4,17.5951,17.5058,29.3136,1,40.8138,42.3846,83.2748
3,4,17.5951,17.5058,29.3136,2,56.1972,57.184,120.2618
3,4,17.5951,17.5058,29.3136,3,25.19,24.3327,33.4938
3,4,17.5951,17.5058,29.3136,4,41.6767,42.3525,58.6545
3,4,17.5951,17.5058,29.3136,5,37.4247,37.1473,59.498
3,4,17.5022,17.6286,30.9706,1,42.1724,41.8589,71.6944
3,4,17.5022,17.6286,30.9706,2,57.0444,57.1732,111.2401
3,4,17.5022,17.6286,30.9706,3,25.114,26.034,33.7481
3,4,17.5022,17.6286,30.9706,4,42.7022,43.0855,62.8264
3,4,17.5022,17.6286,30.9706,5,37.2141,37.9859,66.5963
3,4,17.9168,17.528,30.8916,1,41.8768,41.709,58.6695
3,4,17.9168,17.528,30.8916,2,57.7744,57.1509,78.0846
3,4,17.9168,17.528,30.8916,3,24.1659,24.693,37.1147
3,4,17.9168,17.528,30.8916,4,41.5339,42.9202,59.5988
3,4,17.9168,17.528,30.8916,5,37.5814,37.7633,66.6042
3,5,21.1199,21.3783,35.3425,1,41.1413,40.5465,43.6527
3,5,21.1199,21.3783,35.3425,2,50.1087,49.9271,51.0557
3,5,21.1199,21.3783,35.3425,3,19.443,19.4532,27.3588
3,5,21.1199,21.3783,35.3425,4,47.4375,46.585,57.5885
3,5,21.1199,21.3783,35.3425,5,36.5631,36.2597,58.3354
3,5,21.245,21.3338,36.5412,1,41.5862,41.3322,47.4151
3,5,21.245,21.3338,36.5412,2,50.1824,50.8558,55.0789
3,5,21.245,21.3338,36.5412,3,18.961,18.8395,34.3058
3,5,21.245,21.3338,36.5412,4,47.193,47.4237,58.3628
3,5,21.245,21.3338,36.5412,5,36.4154,36.415,58.4416
3,5,21.3807,20.6529,35.4103,1,41.0328,43.3656,36.4961
3,5,21.3807,20.6529,35.4103,2,50.0646,53.6108,44.33
3,5,21.3807,20.6529,35.4103,3,19.0315,20.2261,32.8992
3,5,21.3807,20.6529,35.4103,4,47.7227,47.4947,54.0418
3,5,21.3807,20.6529,35.4103,5,36.9415,36.8279,56.3568
3,5,21.3596,21.3838,39.2051,1,41.7991,41.8318,62.501
3,5,21.3596,21.3838,39.2051,2,50.8839,51.7603,90.7249
3,5,21.3596,21.3838,39.2051,3,18.8422,18.8592,37.5597
3,5,21.3596,21.3838,39.2051,4,47.6291,48.0749,62.4882
3,5,21.3596,21.3838,39.2051,5,36.7962,36.5598,65.1442
3,5,20.7567,21.4082,33.0717,1,42.6897,41.0422,39.4354
3,5,20.7567,21.4082,33.0717,2,52.2885,50.6779,45.069
3,5,20.7567,21.4082,33.0717,3,19.7136,19.0422,30.1553
3,5,20.7567,21.4082,33.0717,4,47.6945,47.6038,55.6417
3,5,20.7567,21.4082,33.0717,5,36.6402,36.6202,56.4694
4,1,19.2323,19.8194,33.3597,1,21.7792,20.2,37.3392
4,1,19.2323,19.8194,33.3597,2,27.5105,26.0757,38.7457
4,1,19.2323,19.8194,33.3597,3,42.1179,40.3651,170.467
4,1,19.2323,19.8194,33.3597,4,86.7987,66.6019,287.5553
4,1,19.2323,19.8194,33.3597,5,83.8407,71.5725,395.4151
4,1,19.4188,20.2917,32.9533,1,21.3674,20.3931,32.6074
4,1,19.4188,20.2917,32.9533,2,27.1094,25.8108,36.6906
4,1,19.4188,20.2917,32.9533,3,41.8327,41.3398,42.4353
4,1,19.4188,20.2917,32.9533,4,87.9181,63.5121,53.4311
4,1,19.4188,20.2917,32.9533,5,84.9652,73.0643,54.3289
4,1,19.366,19.5142,32.4029,1,21.4965,23.2003,32.3932
4,1,19.366,19.5142,32.4029,2,26.3869,28.0883,37.6181
4,1,19.366,19.5142,32.4029,3,42.0964,41.708,92.8802
4,1,19.366,19.5142,32.4029,4,78.2348,70.6666,144.4072
4,1,19.366,19.5142,32.4029,5,77.6037,76.0415,211.796
4,1,19.3014,20.5655,32.9719,1,21.7574,20.5002,34.6106
4,1,19.3014,20.5655,32.9719,2,27.3384,27.0554,39.7018
4,1,19.3014,20.5655,32.9719,3,41.9099,42.1584,86.4273
4,1,19.3014,20.5655,32.9719,4,84.4001,62.2546,140.2035
4,1,19.3014,20.5655,32.9719,5,83.5481,71.4497,207.6104
4,1,19.4405,19.3501,32.7481,1,21.0641,21.9914,32.9593
4,1,19.4405,19.3501,32.7481,2,26.9113,27.2962,37.2172
4,1,19.4405,19.3501,32.7481,3,41.3619,39.874,45.0723
4,1,19.4405,19.3501,32.7481,4,76.111,63.4514,63.6639
4,1,19.4405,19.3501,32.7481,5,75.1455,67.9949,65.3504
4,2,20.2528,20.2845,29.9286,1,26.0289,25.1929,30.771
4,2,20.2528,20.2845,29.9286,2,25.6203,24.7905,44.183
4,2,20.2528,20.2845,29.9286,3,44.9372,53.1048,91.6292
4,2,20.2528,20.2845,29.9286,4,79.0809,82.3286,187.234
4,2,20.2528,20.2845,29.9286,5,85.8543,106.9386,195.3629
4,2,20.2314,20.3417,28.8081,1,25.578,26.7121,29.2617
4,2,20.2314,20.3417,28.8081,2,24.9832,25.6548,38.3987
4,2,20.2314,20.3417,28.8081,3,50.0884,52.4954,86.5159
4,2,20.2314,20.3417,28.8081,4,77.9834,79.914,155.5177
4,2,20.2314,20.3417,28.8081,5,92.6875,102.407,148.6247
4,2,20.1827,20.3366,28.482,1,25.727,25.8717,26.563
4,2,20.1827,20.3366,28.482,2,25.737,25.1553,33.5335
4,2,20.1827,20.3366,28.482,3,45.9989,58.5262,58.2474
4,2,20.1827,20.3366,28.482,4,77.3917,89.7676,87.6743
4,2,20.1827,20.3366,28.482,5,85.7767,120.6058,115.9104
4,2,20.1806,20.7254,32.1532,1,26.3572,24.4325,35.073
4,2,20.1806,20.7254,32.1532,2,25.2705,25.7353,46.5524
4,2,20.1806,20.7254,32.1532,3,51.2184,43.1462,49.1099
4,2,20.1806,20.7254,32.1532,4,81.9997,72.034,87.0016
4,2,20.1806,20.7254,32.1532,5,98.2005,79.7686,110.8381
4,2,20.3322,20.7374,27.3282,1,25.2417,24.1235,27.7627
4,2,20.3322,20.7374,27.3282,2,25.2169,25.5305,41.3081
4,2,20.3322,20.7374,27.3282,3,47.7403,43.5028,37.8076
4,2,20.3322,20.7374,27.3282,4,82.2849,71.5351,150.035
4,2,20.3322,20.7374,27.3282,5,103.8922,80.5098,130.2532
4,3,12.5365,12.7188,24.2857,1,47.1057,44.1274,28.6824
4,3,12.5365,12.7188,24.2857,2,53.8642,51.7448,32.2569
4,3,12.5365,12.7188,24.2857,3,18.6319,17.816,31.5763
4,3,12.5365,12.7188,24.2857,4,64.6247,60.9519,87.6179
4,3,12.5365,12.7188,24.2857,5,47.7431,45.2711,55.3249
4,3,12.5625,12.6902,24.0687,1,46.2605,45.8065,32.5574
4,3,12.5625,12.6902,24.0687,2,53.1934,52.7617,40.2315
4,3,12.5625,12.6902,24.0687,3,18.1946,18.0998,34.6299
4,3,12.5625,12.6902,24.0687,4,60.744,62.3727,87.8816
4,3,12.5625,12.6902,24.0687,5,44.8673,45.974,77.2801
4,3,12.7073,12.7109,24.5905,1,46.7514,45.1275,59.7392
4,3,12.7073,12.7109,24.5905,2,53.0824,52.673,70.1233
4,3,12.7073,12.7109,24.5905,3,18.2966,17.8995,34.3991
4,3,12.7073,12.7109,24.5905,4,61.02,62.7052,84.6565
4,3,12.7073,12.7109,24.5905,5,45.3612,46.216,65.8531
4,3,12.5376,12.75,24.8799,1,47.1025,44.6436,53.3236
4,3,12.5376,12.75,24.8799,2,53.5539,51.8872,88.4499
4,3,12.5376,12.75,24.8799,3,18.2557,17.8117,34.5614
4,3,12.5376,12.75,24.8799,4,61.3967,62.913,86.7371
4,3,12.5376,12.75,24.8799,5,45.3625,46.7083,76.1779
4,3,12.494,12.6734,23.5295,1,45.7872,45.7376,61.1104
4,3,12.494,12.6734,23.5295,2,52.581,52.6886,75.5666
4,3,12.494,12.6734,23.5295,3,18.1272,18.0966,37.9209
4,3,12.494,12.6734,23.5295,4,60.5085,62.5824,86.0062
4,3,12.494,12.6734,23.5295,5,44.7723,46.0918,66.3863
4,4,17.3224,17.5384,30.9066,1,42.9783,42.4404,65.6459
4,4,17.3224,17.5384,30.9066,2,58.758,57.4752,96.7877
4,4,17.3224,17.5384,30.9066,3,25.0796,25.5459,35.6534
4,4,17.3224,17.5384,30.9066,4,42.8484,42.1064,70.8033
4,4,17.3224,17.5384,30.9066,5,37.4098,37.0684,60.1259
4,4,17.3368,17.5535,29.7405,1,42.6096,42.0906,63.0258
4,4,17.3368,17.5535,29.7405,2,58.1081,57.0743,95.7318
4,4,17.3368,17.5535,29.7405,3,26.0544,25.5897,34.0458
4,4,17.3368,17.5535,29.7405,4,42.704,41.9112,57.882
4,4,17.3368,17.5535,29.7405,5,38.1225,37.2564,62.9105
4,4,17.3106,17.6362,31.204,1,42.6126,41.7166,104.7765
4,4,17.3106,17.6362,31.204,2,58.0332,56.7455,103.717
4,4,17.3106,17.6362,31.204,3,25.2014,24.4579,39.0769
4,4,17.3106,17.6362,31.204,4,42.8342,42.2374,67.4688
4,4,17.3106,17.6362,31.204,5,37.492,36.6208,59.7826
4,4,17.496,17.6079,28.6119,1,42.6985,42.9089,57.6798
4,4,17.496,17.6079,28.6119,2,57.9256,57.8769,69.8805
4,4,17.496,17.6079,28.6119,3,26.199,24.7208,31.4671
4,4,17.496,17.6079,28.6119,4,43.0602,43.0757,58.6753
4,4,17.496,17.6079,28.6119,5,37.3918,36.9566,66.8276
4,4,17.3272,17.4978,31.0625,1,42.3354,42.037,38.3485
4,4,17.3272,17.4978,31.0625,2,57.8618,56.9623,43.0379
4,4,17.3272,17.4978,31.0625,3,25.6,25.2924,33.9835
4,4,17.3272,17.4978,31.0625,4,42.6372,42.0294,62.6113
4,4,17.3272,17.4978,31.0625,5,37.8879,37.5014,57.4908
4,5,20.5994,20.5929,37.37,1,44.6797,44.4677,37.8259
4,5,20.5994,20.5929,37.37,2,53.5855,53.2763,40.5049
4,5,20.5994,20.5929,37.37,3,20.3387,20.1436,29.925
4,5,20.5994,20.5929,37.37,4,47.4077,47.5042,57.2777
4,5,20.5994,20.5929,37.37,5,36.7108,36.4284,58.7638
4,5,20.4397,20.6615,36.5202,1,45.0014,42.8964,108.3565
4,5,20.4397,20.6615,36.5202,2,54.1108,53.011,135.0614
4,5,20.4397,20.6615,36.5202,3,20.6621,20.3244,36.4879
4,5,20.4397,20.6615,36.5202,4,48.89,47.3858,64.8749
4,5,20.4397,20.6615,36.5202,5,37.243,36.6298,67.295
4,5,20.6663,20.4055,35.3551,1,44.445,45.544,43.1006
4,5,20.6663,20.4055,35.3551,2,54.3129,54.5502,40.9207
4,5,20.6663,20.4055,35.3551,3,20.5571,20.2883,29.6568
4,5,20.6663,20.4055,35.3551,4,48.2356,48.5001,57.5999
4,5,20.6663,20.4055,35.3551,5,37.0724,37.2457,55.8964
4,5,20.1697,21.0175,37.0262,1,45.3882,44.0634,36.751
4,5,20.1697,21.0175,37.0262,2,54.5056,52.0078,36.1755
4,5,20.1697,21.0175,37.0262,3,21.3329,19.5871,30.297
4,5,20.1697,21.0175,37.0262,4,48.6343,46.5843,54.058
4,5,20.1697,21.0175,37.0262,5,37.7078,36.0403,57.088
4,5,20.3343,20.5997,35.7881,1,44.3264,43.839,32.0304
4,5,20.3343,20.5997,35.7881,2,53.6446,53.4718,42.8277
4,5,20.3343,20.5997,35.7881,3,20.5125,20.7344,29.1978
4,5,20.3343,20.5997,35.7881,4,48.5713,47.2366,50.2732
4,5,20.3343,20.5997,35.7881,5,37.3386,36.4567,54.8892
5,1,18.8173,19.2275,35.7083,1,22.6163,21.8443,34.8155
5,1,18.8173,19.2275,35.7083,2,28.0603,27.3463,45.6161
5,1,18.8173,19.2275,35.7083,3,42.225,41.8472,135.7291
5,1,18.8173,19.2275,35.7083,4,93.4505,86.3878,254.9551
5,1,18.8173,19.2275,35.7083,5,92.148,82.0309,291.9043
5,1,19.1743,18.6798,33.4582,1,22.0761,22.9149,38.2963
5,1,19.1743,18.6798,33.4582,2,28.3121,28.9563,42.2477
5,1,19.1743,18.6798,33.4582,3,42.7878,42.4015,178.645
5,1,19.1743,18.6798,33.4582,4,88.8177,100.8513,203.1855
5,1,19.1743,18.6798,33.4582,5,86.1553,97.5923,233.6434
5,1,18.8346,19.2672,32.7636,1,22.6898,21.5801,32.8325
5,1,18.8346,19.2672,32.7636,2,29.9303,27.2324,43.5231
5,1,18.8346,19.2672,32.7636,3,41.4499,41.9484,208.2696
5,1,18.8346,19.2672,32.7636,4,81.4015,91.5282,201.4097
5,1,18.8346,19.2672,32.7636,5,81.1277,88.3966,256.7777
5,1,18.8983,19.2056,35.2275,1,22.7893,21.5245,36.0166
5,1,18.8983,19.2056,35.2275,2,28.5504,27.1147,55.8784
5,1,18.8983,19.2056,35.2275,3,41.2354,41.1935,79.7337
5,1,18.8983,19.2056,35.2275,4,78.3719,86.5311,213.773
5,1,18.8983,19.2056,35.2275,5,75.8118,82.8018,196.0803
5,1,18.9037,19.3053,35.5188,1,22.5534,21.4253,37.1993
5,1,18.9037,19.3053,35.5188,2,28.0686,27.5095,42.175
5,1,18.9037,19.3053,35.5188,3,40.1711,41.4682,55.9761
5,1,18.9037,19.3053,35.5188,4,76.036,78.9403,83.4916
5,1,18.9037,19.3053,35.5188,5,74.7749,77.7289,66.1827
5,2,20.1176,20.1324,31.4122,1,27.0959,27.8883,46.708
5,2,20.1176,20.1324,31.4122,2,27.6661,27.7472,48.6198
5,2,20.1176,20.1324,31.4122,3,43.552,46.0192,510.6313
5,2,20.1176,20.1324,31.4122,4,95.4049,87.4264,545.2511
5,2,20.1176,20.1324,31.4122,5,93.829,88.3639,897.3471
5,2,20.0842,20.278,32.3581,1,27.6312,26.7646,45.2967
5,2,20.0842,20.278,32.3581,2,26.8592,26.7671,44.2029
5,2,20.0842,20.278,32.3581,3,46.8809,51.366,168.1641
5,2,20.0842,20.278,32.3581,4,83.0335,81.5126,261.2623
5,2,20.0842,20.278,32.3581,5,95.0471,99.8752,333.591
5,2,20.0192,20.0383,34.0011,1,28.7718,27.6832,63.5023
5,2,20.0192,20.0383,34.0011,2,28.3712,27.1514,63.0918
5,2,20.0192,20.0383,34.0011,3,42.1455,42.3411,128.023
5,2,20.0192,20.0383,34.0011,4,90.597,91.6009,131.5565
5,2,20.0192,20.0383,34.0011,5,93.6779,88.5138,171.107
5,2,20.188,20.1009,35.0805,1,26.885,26.9211,49.9379
5,2,20.188,20.1009,35.0805,2,27.5201,26.3827,42.9823
5,2,20.188,20.1009,35.0805,3,42.3712,44.3772,266.68
5,2,20.188,20.1009,35.0805,4,75.1303,82.3915,212.2302
5,2,20.188,20.1009,35.0805,5,83.4641,83.1241,312.9589
5,2,20.0982,20.0765,33.7313,1,26.7724,27.5467,47.62
5,2,20.0982,20.0765,33.7313,2,26.8514,28.2523,51.9443
5,2,20.0982,20.0765,33.7313,3,42.6234,44.3357,229.1157
5,2,20.0982,20.0765,33.7313,4,81.8552,98.2121,338.0226
5,2,20.0982,20.0765,33.7313,5,96.3791,93.0904,346.8031
5,3,12.2855,12.5723,26.2399,1,45.381,45.8381,47.0624
5,3,12.2855,12.5723,26.2399,2,52.8889,53.7857,87.2614
5,3,12.2855,12.5723,26.2399,3,18.3747,18.4602,37.3853
5,3,12.2855,12.5723,26.2399,4,61.2379,59.322,96.8493
5,3,12.2855,12.5723,26.2399,5,45.6163,44.0285,94.2371
5,3,12.4407,12.4515,27.1929,1,45.9283,46.5198,81.0759
5,3,12.4407,12.4515,27.1929,2,53.342,53.0501,70.55
5,3,12.4407,12.4515,27.1929,3,18.3334,18.325,34.7298
5,3,12.4407,12.4515,27.1929,4,58.424,60.7343,84.2544
5,3,12.4407,12.4515,27.1929,5,43.6606,45.3097,70.4825
5,3,12.433,12.3719,27.4994,1,45.3994,45.8656,86.8759
5,3,12.433,12.3719,27.4994,2,52.8548,53.3858,84.7143
5,3,12.433,12.3719,27.4994,3,18.4386,18.4568,40.7522
5,3,12.433,12.3719,27.4994,4,63.18,61.4285,124.6185
5,3,12.433,12.3719,27.4994,5,46.5704,45.6519,89.503
5,3,12.4454,12.5106,25.5963,1,45.5532,45.109,170.9031
5,3,12.4454,12.5106,25.5963,2,54.8994,52.9467,179.7723
5,3,12.4454,12.5106,25.5963,3,19.0875,18.3708,33.4597
5,3,12.4454,12.5106,25.5963,4,64.0166,64.8814,126.0769
5,3,12.4454,12.5106,25.5963,5,48.1814,48.5245,128.2775
5,3,12.5347,12.3994,28.5306,1,45.6564,45.6916,50.7432
5,3,12.5347,12.3994,28.5306,2,52.858,54.0293,75.6809
5,3,12.5347,12.3994,28.5306,3,18.0856,18.5862,37.9437
5,3,12.5347,12.3994,28.5306,4,57.7147,61.9138,138.4868
5,3,12.5347,12.3994,28.5306,5,43.3559,45.7742,206.2565
5,4,17.1739,17.1389,36.0934,1,42.1849,41.9094,73.321
5,4,17.1739,17.1389,36.0934,2,57.6052,57.7706,82.3452
5,4,17.1739,17.1389,36.0934,3,25.1157,26.3445,46.6599
5,4,17.1739,17.1389,36.0934,4,42.1192,42.961,76.2172
5,4,17.1739,17.1389,36.0934,5,37.3932,37.7303,69.3796
5,4,17.1075,17.1326,32.997,1,41.8546,42.7023,109.2427
5,4,17.1075,17.1326,32.997,2,58.3352,58.1605,162.2837
5,4,17.1075,17.1326,32.997,3,26.2903,25.6688,49.3976
5,4,17.1075,17.1326,32.997,4,43.6743,42.891,85.6537
5,4,17.1075,17.1326,32.997,5,38.1039,37.8566,69.8219
5,4,17.2992,17.1764,31.8978,1,42.1176,41.8514,92.1902
5,4,17.2992,17.1764,31.8978,2,58.5843,58.1178,60.5201
5,4,17.2992,17.1764,31.8978,3,25.0674,26.2119,33.4783
5,4,17.2992,17.1764,31.8978,4,42.8484,42.7951,77.1412
5,4,17.2992,17.1764,31.8978,5,38.3375,38.2693,79.5156
5,4,17.1376,17.0435,36.4893,1,41.7856,43.0705,81.6624
5,4,17.1376,17.0435,36.4893,2,57.7241,59.0006,119.2652
5,4,17.1376,17.0435,36.4893,3,25.2206,25.8455,39.8658
5,4,17.1376,17.0435,36.4893,4,42.6872,42.7217,91.1592
5,4,17.1376,17.0435,36.4893,5,37.9173,38.0443,93.5369
5,4,17.0333,17.2871,36.3886,1,42.0626,43.1087,242.1151
5,4,17.0333,17.2871,36.3886,2,58.056,58.3625,244.5157
5,4,17.0333,17.2871,36.3886,3,26.2155,25.2051,53.7502
5,4,17.0333,17.2871,36.3886,4,42.4852,43.5289,66.2862
5,4,17.0333,17.2871,36.3886,5,37.2864,38.0573,58.3439
5,5,20.4597,20.3079,39.079,1,43.2831,46.6781,79.4731
5,5,20.4597,20.3079,39.079,2,52.2605,55.4059,99.1761
5,5,20.4597,20.3079,39.079,3,20.1494,21.1403,46.0326
5,5,20.4597,20.3079,39.079,4,47.1938,49.9138,55.7572
5,5,20.4597,20.3079,39.079,5,36.7885,37.4826,51.2275
5,5,20.4415,20.385,38.564,1,48.1788,46.6096,74.1801
5,5,20.4415,20.385,38.564,2,58.6854,55.5105,151.7421
5,5,20.4415,20.385,38.564,3,21.9863,21.9155,35.1087
5,5,20.4415,20.385,38.564,4,49.5864,47.867,97.125
5,5,20.4415,20.385,38.564,5,37.7454,36.9096,103.3093
5,5,20.3056,20.3832,38.7999,1,44.0266,46.7216,43.0699
5,5,20.3056,20.3832,38.7999,2,53.7949,55.0376,70.5136
5,5,20.3056,20.3832,38.7999,3,20.596,21.1017,47.2163
5,5,20.3056,20.3832,38.7999,4,47.7653,47.8309,81.7937
5,5,20.3056,20.3832,38.7999,5,37.0684,36.6119,87.8989
5,5,20.3729,20.4083,39.9261,1,43.8028,45.8544,38.2629
5,5,20.3729,20.4083,39.9261,2,53.4053,54.8019,77.2454
5,5,20.3729,20.4083,39.9261,3,20.6176,20.5767,45.0878
5,5,20.3729,20.4083,39.9261,4,49.5337,49.252,65.2841
5,5,20.3729,20.4083,39.9261,5,37.3233,37.4811,59.4838
5,5,20.3687,20.5126,39.2515,1,44.656,46.2265,287.2995
5,5,20.3687,20.5126,39.2515,2,54.523,56.904,334.9484
5,5,20.3687,20.5126,39.2515,3,21.1912,21.2418,47.3691
5,5,20.3687,20.5126,39.2515,4,49.9986,52.0542,80.4529
5,5,20.3687,20.5126,39.2515,5,37.3592,38.7627,69.9915
