1,1,9.4587,9.4527,2.6936,1,10.1309,10.068,3.5373
1,1,9.4587,9.4527,2.6936,2,8.4588,8.3316,2.8132
1,1,9.4587,9.4527,2.6936,3,10.8353,10.9659,3.3315
1,1,9.4587,9.4527,2.6936,4,9.135,9.2849,5.9994
1,1,9.4587,9.4527,2.6936,5,31.1146,32.0077,13.0313
1,1,9.497,9.5218,2.7798,1,9.8652,10.2258,3.5883
1,1,9.497,9.5218,2.7798,2,8.5396,7.9386,2.8596
1,1,9.497,9.5218,2.7798,3,11.1523,10.7592,3.3664
1,1,9.497,9.5218,2.7798,4,9.3008,9.529,5.8719
1,1,9.497,9.5218,2.7798,5,31.9124,31.6425,12.4324
1,1,9.4368,9.453,2.7049,1,10.1198,10.1136,3.5408
1,1,9.4368,9.453,2.7049,2,8.762,8.2172,2.8148
1,1,9.4368,9.453,2.7049,3,10.833,10.8857,3.3278
1,1,9.4368,9.453,2.7049,4,8.9938,9.589,5.8807
1,1,9.4368,9.453,2.7049,5,30.9774,32.0361,12.7844
1,1,9.457,9.5156,2.6738,1,10.0347,10.4873,3.4304
1,1,9.457,9.5156,2.6738,2,8.0039,8.1642,2.8435
1,1,9.457,9.5156,2.6738,3,10.9183,10.868,3.2829
1,1,9.457,9.5156,2.6738,4,9.2177,9.635,5.802
1,1,9.457,9.5156,2.6738,5,31.3294,32.0722,12.7786
1,1,9.4615,9.4986,2.5658,1,9.9805,10.1609,3.3364
1,1,9.4615,9.4986,2.5658,2,8.3062,8.0304,2.6943
1,1,9.4615,9.4986,2.5658,3,10.8601,10.6037,3.1514
1,1,9.4615,9.4986,2.5658,4,9.2459,9.2547,5.8235
1,1,9.4615,9.4986,2.5658,5,31.5621,30.9505,12.6733
1,2,21.2594,21.3005,2.5653,1,13.1806,13.0552,5.4317
1,2,21.2594,21.3005,2.5653,2,12.9607,12.5938,6.1946
1,2,21.2594,21.3005,2.5653,3,13.1852,13.0327,3.2979
1,2,21.2594,21.3005,2.5653,4,8.1557,8.1843,3.6794
1,2,21.2594,21.3005,2.5653,5,23.4834,23.6927,3.3958
1,2,21.2749,21.3755,2.6935,1,13.3841,13.0795,5.3221
1,2,21.2749,21.3755,2.6935,2,12.3185,12.3569,6.3466
1,2,21.2749,21.3755,2.6935,3,13.3356,12.8736,3.3066
1,2,21.2749,21.3755,2.6935,4,8.1565,8.2378,3.6034
1,2,21.2749,21.3755,2.6935,5,22.9971,23.5079,3.7655
1,2,21.2273,21.3257,2.7716,1,13.4649,13.998,6.1254
1,2,21.2273,21.3257,2.7716,2,13.3837,13.4778,6.308
1,2,21.2273,21.3257,2.7716,3,13.3798,13.8751,3.7549
1,2,21.2273,21.3257,2.7716,4,8.3463,8.584,4.2481
1,2,21.2273,21.3257,2.7716,5,23.3563,23.804,4.2954
1,2,21.3244,21.3562,2.3474,1,14.5157,14.6282,4.476
1,2,21.3244,21.3562,2.3474,2,13.9418,13.9103,5.1405
1,2,21.3244,21.3562,2.3474,3,14.4741,14.3879,2.8739
1,2,21.3244,21.3562,2.3474,4,8.53,8.7428,3.55
1,2,21.3244,21.3562,2.3474,5,23.6061,23.724,3.3225
1,2,21.2857,21.3067,2.6072,1,13.4226,13.9337,5.1488
1,2,21.2857,21.3067,2.6072,2,13.399,12.9848,6.0328
1,2,21.2857,21.3067,2.6072,3,13.2934,13.8326,3.2032
1,2,21.2857,21.3067,2.6072,4,8.2897,8.4411,3.9529
1,2,21.2857,21.3067,2.6072,5,23.3473,23.9695,4.0944
1,3,12.8467,12.507,3.1716,1,12.089,11.3576,5.7768
1,3,12.8467,12.507,3.1716,2,14.0888,13.7118,8.71
1,3,12.8467,12.507,3.1716,3,12.0043,11.1694,4.3428
1,3,12.8467,12.507,3.1716,4,9.6936,9.2191,4.616
1,3,12.8467,12.507,3.1716,5,28.3243,27.0769,4.0453
1,3,12.8135,12.7937,3.0818,1,11.8372,11.8333,5.4156
1,3,12.8135,12.7937,3.0818,2,13.8186,14.2594,8.4848
1,3,12.8135,12.7937,3.0818,3,11.7917,12.0883,4.1119
1,3,12.8135,12.7937,3.0818,4,9.688,9.6605,4.472
1,3,12.8135,12.7937,3.0818,5,27.8756,28.2231,4.1078
1,3,12.835,12.5879,2.9023,1,11.9621,11.4783,5.2302
1,3,12.835,12.5879,2.9023,2,14.0755,14.2059,8.4534
1,3,12.835,12.5879,2.9023,3,11.8578,11.6888,3.9167
1,3,12.835,12.5879,2.9023,4,9.6812,9.4271,4.3878
1,3,12.835,12.5879,2.9023,5,27.7252,27.4486,3.8655
1,3,12.598,12.5596,3.0974,1,11.2673,11.2071,5.5075
1,3,12.598,12.5596,3.0974,2,13.4655,13.5699,8.6261
1,3,12.598,12.5596,3.0974,3,11.2694,11.4009,4.2074
1,3,12.598,12.5596,3.0974,4,9.0996,9.2017,4.5397
1,3,12.598,12.5596,3.0974,5,26.7498,26.7919,4.2147
1,3,12.8562,12.5367,2.9395,1,11.5537,11.1707,5.3712
1,3,12.8562,12.5367,2.9395,2,13.3286,13.5781,8.5844
1,3,12.8562,12.5367,2.9395,3,11.7661,11.405,4.0049
1,3,12.8562,12.5367,2.9395,4,9.4103,9.5199,4.5372
1,3,12.8562,12.5367,2.9395,5,28.2193,27.6451,3.7672
1,4,11.8737,11.7159,2.5417,1,14.1598,13.2552,2.4174
1,4,11.8737,11.7159,2.5417,2,9.8339,9.5906,3.4197
1,4,11.8737,11.7159,2.5417,3,11.9745,11.2594,3.3682
1,4,11.8737,11.7159,2.5417,4,8.8387,8.0428,3.3183
1,4,11.8737,11.7159,2.5417,5,24.6914,24.8739,8.151
1,4,11.6923,11.6817,2.6609,1,14.173,14.1364,2.9439
1,4,11.6923,11.6817,2.6609,2,9.6262,9.9983,3.1597
1,4,11.6923,11.6817,2.6609,3,11.612,11.5174,3.7246
1,4,11.6923,11.6817,2.6609,4,8.9257,8.4282,3.5359
1,4,11.6923,11.6817,2.6609,5,24.9557,24.8772,7.6915
1,4,11.657,11.7005,2.6472,1,13.2639,13.6487,2.6414
1,4,11.657,11.7005,2.6472,2,9.3571,9.7443,3.4581
1,4,11.657,11.7005,2.6472,3,11.4902,11.4668,3.5192
1,4,11.657,11.7005,2.6472,4,8.292,8.0307,3.4229
1,4,11.657,11.7005,2.6472,5,25.0961,24.1445,8.3398
1,4,11.6382,11.6964,2.593,1,13.8026,14.4464,2.7682
1,4,11.6382,11.6964,2.593,2,9.6589,9.9154,3.3075
1,4,11.6382,11.6964,2.593,3,11.5655,11.599,3.5401
1,4,11.6382,11.6964,2.593,4,8.5934,8.5309,3.4659
1,4,11.6382,11.6964,2.593,5,24.9887,24.7114,7.9883
1,4,11.6445,11.6736,2.5715,1,14.0544,14.397,2.9144
1,4,11.6445,11.6736,2.5715,2,9.7475,9.9737,3.023
1,4,11.6445,11.6736,2.5715,3,11.5867,11.5492,3.6715
1,4,11.6445,11.6736,2.5715,4,8.7718,8.7254,3.4476
1,4,11.6445,11.6736,2.5715,5,25.4676,25.1423,7.4075
1,5,20.2253,20.1686,2.8927,1,32.7602,33.9315,9.2804
1,5,20.2253,20.1686,2.8927,2,41.1579,41.9882,16.094
1,5,20.2253,20.1686,2.8927,3,39.1097,40.1433,9.5908
1,5,20.2253,20.1686,2.8927,4,22.3541,22.9565,7.248
1,5,20.2253,20.1686,2.8927,5,35.7402,36.4175,4.0163
1,5,20.2993,20.2837,2.8357,1,35.0691,32.4528,9.6308
1,5,20.2993,20.2837,2.8357,2,42.9062,40.099,16.0887
1,5,20.2993,20.2837,2.8357,3,41.4967,38.8163,9.6195
1,5,20.2993,20.2837,2.8357,4,23.9882,21.7311,7.3356
1,5,20.2993,20.2837,2.8357,5,38.1525,35.2379,3.9268
1,5,20.293,20.1812,2.6782,1,34.6287,33.7345,8.7185
1,5,20.293,20.1812,2.6782,2,42.7772,41.898,15.2045
1,5,20.293,20.1812,2.6782,3,41.203,40.4749,8.8068
1,5,20.293,20.1812,2.6782,4,23.7739,23.1566,6.8668
1,5,20.293,20.1812,2.6782,5,38.3612,37.2371,3.7281
1,5,20.2216,20.2173,2.7426,1,34.3899,34.0227,8.7709
1,5,20.2216,20.2173,2.7426,2,42.379,41.9281,15.4614
1,5,20.2216,20.2173,2.7426,3,40.9942,39.7926,8.6239
1,5,20.2216,20.2173,2.7426,4,23.5806,22.9778,6.8416
1,5,20.2216,20.2173,2.7426,5,37.5435,36.1509,3.6296
1,5,20.29,20.2028,2.6311,1,32.5556,34.3402,9.0952
1,5,20.29,20.2028,2.6311,2,40.6126,42.6143,15.9316
1,5,20.29,20.2028,2.6311,3,38.8617,40.421,9.3907
1,5,20.29,20.2028,2.6311,4,22.0437,23.6043,7.0664
1,5,20.29,20.2028,2.6311,5,35.466,37.7663,3.7415
2,1,9.3649,9.2491,1.6729,1,9.8951,10.0332,1.9389
2,1,9.3649,9.2491,1.6729,2,8.6577,8.5613,1.521
2,1,9.3649,9.2491,1.6729,3,10.8933,10.9632,2.6919
2,1,9.3649,9.2491,1.6729,4,9.4686,9.6553,2.3875
2,1,9.3649,9.2491,1.6729,5,30.9954,31.2339,4.3079
2,1,9.4182,9.2823,1.74,1,9.9963,10.1364,2.0325
2,1,9.4182,9.2823,1.74,2,8.4999,8.5805,1.5251
2,1,9.4182,9.2823,1.74,3,10.7665,10.8864,2.6832
2,1,9.4182,9.2823,1.74,4,9.0382,9.3831,2.3674
2,1,9.4182,9.2823,1.74,5,30.5061,31.2067,4.0566
2,1,9.3783,9.256,1.6872,1,9.9883,10.1666,1.9807
2,1,9.3783,9.256,1.6872,2,8.4403,8.242,1.5139
2,1,9.3783,9.256,1.6872,3,10.611,10.7978,2.6428
2,1,9.3783,9.256,1.6872,4,9.0625,9.805,2.4075
2,1,9.3783,9.256,1.6872,5,30.2219,31.6464,4.1881
2,1,9.3777,9.2376,1.7449,1,9.8801,10.0898,2.0387
2,1,9.3777,9.2376,1.7449,2,8.5514,8.6217,1.5852
2,1,9.3777,9.2376,1.7449,3,10.737,11.047,2.8019
2,1,9.3777,9.2376,1.7449,4,9.2175,9.8275,2.4725
2,1,9.3777,9.2376,1.7449,5,31.0575,31.6118,4.498
2,1,9.5608,9.2491,1.7456,1,10.4997,9.737,2.0078
2,1,9.5608,9.2491,1.7456,2,8.8551,8.9174,1.5726
2,1,9.5608,9.2491,1.7456,3,10.6627,10.7925,2.7635
2,1,9.5608,9.2491,1.7456,4,9.5224,9.4782,2.4982
2,1,9.5608,9.2491,1.7456,5,31.5293,31.0493,4.2093
2,2,21.2907,21.4299,1.6944,1,14.3605,13.5312,2.3226
2,2,21.2907,21.4299,1.6944,2,13.9911,12.4803,2.0833
2,2,21.2907,21.4299,1.6944,3,14.3243,13.5415,2.4961
2,2,21.2907,21.4299,1.6944,4,8.4817,8.5819,2.2891
2,2,21.2907,21.4299,1.6944,5,23.5192,23.2081,3.037
2,2,21.2128,20.9352,2.0297,1,13.098,12.4611,2.6787
2,2,21.2128,20.9352,2.0297,2,12.7239,13.5038,2.1365
2,2,21.2128,20.9352,2.0297,3,13.33,13.4512,3.076
2,2,21.2128,20.9352,2.0297,4,8.0456,8.3727,2.4705
2,2,21.2128,20.9352,2.0297,5,23.276,22.7373,3.7566
2,2,21.3133,21.3434,1.8975,1,13.5653,12.8163,2.7432
2,2,21.3133,21.3434,1.8975,2,13.6804,12.3617,2.0382
2,2,21.3133,21.3434,1.8975,3,13.4932,12.8422,2.9693
2,2,21.3133,21.3434,1.8975,4,8.2376,8.0573,2.4
2,2,21.3133,21.3434,1.8975,5,23.8288,23.7872,3.5563
2,2,21.3154,21.491,2.1285,1,13.4309,15.2064,3.0645
2,2,21.3154,21.491,2.1285,2,13.164,14.3462,2.8207
2,2,21.3154,21.491,2.1285,3,13.1174,14.6895,3.0636
2,2,21.3154,21.491,2.1285,4,8.5675,9.1625,2.8509
2,2,21.3154,21.491,2.1285,5,22.8119,23.0276,3.7838
2,2,21.2162,21.3384,1.5602,1,13.7141,13.74,2.3069
2,2,21.2162,21.3384,1.5602,2,13.2496,13.1177,1.7582
2,2,21.2162,21.3384,1.5602,3,13.5929,14.0632,2.5002
2,2,21.2162,21.3384,1.5602,4,8.2665,8.2319,2.0205
2,2,21.2162,21.3384,1.5602,5,23.1072,23.9409,2.6532
2,3,12.1282,12.0735,2.3706,1,11.439,11.5916,1.9556
2,3,12.1282,12.0735,2.3706,2,14.5534,14.6562,1.7457
2,3,12.1282,12.0735,2.3706,3,11.368,10.9183,2.7776
2,3,12.1282,12.0735,2.3706,4,8.9683,8.5803,2.4519
2,3,12.1282,12.0735,2.3706,5,25.5211,24.422,3.6818
2,3,12.0702,12.0455,2.3755,1,11.0221,11.2052,2.0924
2,3,12.0702,12.0455,2.3755,2,13.88,13.9101,1.7461
2,3,12.0702,12.0455,2.3755,3,11.0555,11.0168,2.7777
2,3,12.0702,12.0455,2.3755,4,8.7194,8.7797,2.3877
2,3,12.0702,12.0455,2.3755,5,25.5053,25.0238,3.3438
2,3,12.1102,12.7407,2.3749,1,10.2838,11.7961,2.0784
2,3,12.1102,12.7407,2.3749,2,13.6119,13.8408,1.7542
2,3,12.1102,12.7407,2.3749,3,11.0826,11.7391,2.8975
2,3,12.1102,12.7407,2.3749,4,8.4099,9.6763,2.4354
2,3,12.1102,12.7407,2.3749,5,25.1988,27.7936,3.8033
2,3,12.8368,12.8117,2.3604,1,11.5784,11.6766,2.1061
2,3,12.8368,12.8117,2.3604,2,13.6684,14.0853,1.6552
2,3,12.8368,12.8117,2.3604,3,11.926,12.129,2.7964
2,3,12.8368,12.8117,2.3604,4,9.4135,9.517,2.3269
2,3,12.8368,12.8117,2.3604,5,28.3284,28.2448,3.759
2,3,12.8245,12.0478,2.4963,1,11.9613,10.8485,2.2711
2,3,12.8245,12.0478,2.4963,2,13.9591,13.6929,1.819
2,3,12.8245,12.0478,2.4963,3,11.867,10.7952,3.0203
2,3,12.8245,12.0478,2.4963,4,9.7419,8.6259,2.4266
2,3,12.8245,12.0478,2.4963,5,28.0551,24.813,3.8033
2,4,11.7017,11.6555,1.8147,1,12.8762,13.2536,2.0136
2,4,11.7017,11.6555,1.8147,2,9.2253,9.6281,1.6941
2,4,11.7017,11.6555,1.8147,3,11.3513,11.3332,2.4852
2,4,11.7017,11.6555,1.8147,4,8.0292,8.251,2.3903
2,4,11.7017,11.6555,1.8147,5,24.8919,25.5052,2.8769
2,4,11.6143,11.7427,1.8056,1,13.5157,15.1796,1.9394
2,4,11.6143,11.7427,1.8056,2,9.5668,10.3315,1.5681
2,4,11.6143,11.7427,1.8056,3,11.5177,11.7495,2.4795
2,4,11.6143,11.7427,1.8056,4,8.3393,9.2149,2.4518
2,4,11.6143,11.7427,1.8056,5,24.7735,25.1083,3.21
2,4,11.6497,11.6598,1.7169,1,13.6136,13.4785,2.1325
2,4,11.6497,11.6598,1.7169,2,9.6851,9.3004,1.8678
2,4,11.6497,11.6598,1.7169,3,11.5243,11.4042,2.3628
2,4,11.6497,11.6598,1.7169,4,8.4082,8.3972,2.1112
2,4,11.6497,11.6598,1.7169,5,25.0757,25.6563,2.8606
2,4,11.7057,11.6397,1.6793,1,13.1075,13.4633,1.9724
2,4,11.7057,11.6397,1.6793,2,9.4053,9.5981,1.6113
2,4,11.7057,11.6397,1.6793,3,11.4341,11.2776,2.3466
2,4,11.7057,11.6397,1.6793,4,8.2855,8.2914,2.0597
2,4,11.7057,11.6397,1.6793,5,26.1129,24.8421,2.9781
2,4,11.6596,11.6555,1.7067,1,13.211,12.9168,1.9112
2,4,11.6596,11.6555,1.7067,2,9.4357,9.3113,1.4815
2,4,11.6596,11.6555,1.7067,3,11.3626,11.2837,2.2745
2,4,11.6596,11.6555,1.7067,4,8.1913,8.122,2.0634
2,4,11.6596,11.6555,1.7067,5,24.6307,25.2278,2.7277
2,5,20.0786,20.1676,2.7999,1,32.2685,32.3949,10.03
2,5,20.0786,20.1676,2.7999,2,41.0421,41.9168,16.1763
2,5,20.0786,20.1676,2.7999,3,39.5276,38.6235,9.5326
2,5,20.0786,20.1676,2.7999,4,22.3146,22.9338,6.9151
2,5,20.0786,20.1676,2.7999,5,35.2072,36.9587,3.783
2,5,20.1198,20.0415,3.0655,1,33.594,33.9452,8.8691
2,5,20.1198,20.0415,3.0655,2,42.2496,42.6712,16.1738
2,5,20.1198,20.0415,3.0655,3,41.4449,40.5618,8.8896
2,5,20.1198,20.0415,3.0655,4,23.5683,23.5772,7.1027
2,5,20.1198,20.0415,3.0655,5,36.5029,36.5527,4.0504
2,5,20.1034,20.0927,2.6445,1,32.4861,33.7443,6.5725
2,5,20.1034,20.0927,2.6445,2,41.2651,43.2209,11.5119
2,5,20.1034,20.0927,2.6445,3,39.4353,40.3103,7.8653
2,5,20.1034,20.0927,2.6445,4,22.6074,24.0482,4.6354
2,5,20.1034,20.0927,2.6445,5,36.2086,38.0264,3.8777
2,5,20.0693,20.0924,3.0322,1,33.0996,33.5988,10.1768
2,5,20.0693,20.0924,3.0322,2,41.9631,42.1577,15.9349
2,5,20.0693,20.0924,3.0322,3,40.3147,39.7985,9.3337
2,5,20.0693,20.0924,3.0322,4,23.1963,23.2113,7.254
2,5,20.0693,20.0924,3.0322,5,35.7005,36.4485,3.9074
2,5,20.0857,20.1099,1.8401,1,33.743,31.777,5.1677
2,5,20.0857,20.1099,1.8401,2,42.473,40.8468,7.7171
2,5,20.0857,20.1099,1.8401,3,40.5034,39.3438,5.7899
2,5,20.0857,20.1099,1.8401,4,23.5206,22.3814,3.0164
2,5,20.0857,20.1099,1.8401,5,36.1586,34.2979,2.5641
3,1,9.3421,9.2134,1.7709,1,10.2569,9.8638,1.7393
3,1,9.3421,9.2134,1.7709,2,8.378,8.4302,1.6997
3,1,9.3421,9.2134,1.7709,3,10.5609,10.7993,2.0469
3,1,9.3421,9.2134,1.7709,4,9.165,9.3024,1.9821
3,1,9.3421,9.2134,1.7709,5,30.0558,30.7376,2.9174
3,1,9.3462,9.2507,1.7467,1,10.1562,10.1808,1.6002
3,1,9.3462,9.2507,1.7467,2,8.7614,8.5243,1.5606
3,1,9.3462,9.2507,1.7467,3,10.8438,10.9579,1.9676
3,1,9.3462,9.2507,1.7467,4,8.9932,9.1545,1.6256
3,1,9.3462,9.2507,1.7467,5,30.5688,30.9439,2.1598
3,1,9.3637,9.2284,1.8234,1,9.9995,9.8663,1.6237
3,1,9.3637,9.2284,1.8234,2,8.8136,8.336,1.6155
3,1,9.3637,9.2284,1.8234,3,10.7963,10.9889,2.3714
3,1,9.3637,9.2284,1.8234,4,8.8608,9.4954,1.7466
3,1,9.3637,9.2284,1.8234,5,30.0732,31.633,2.6973
3,1,9.3177,9.2689,1.6878,1,9.9283,10.0292,1.9556
3,1,9.3177,9.2689,1.6878,2,8.4789,8.6981,1.5468
3,1,9.3177,9.2689,1.6878,3,10.6739,11.2704,2.5558
3,1,9.3177,9.2689,1.6878,4,9.0252,9.7812,2.3781
3,1,9.3177,9.2689,1.6878,5,30.453,31.5291,3.7279
3,1,9.3401,9.2344,1.7916,1,9.8051,9.7132,1.7258
3,1,9.3401,9.2344,1.7916,2,8.5247,8.3762,1.6723
3,1,9.3401,9.2344,1.7916,3,10.7756,11.1768,2.1928
3,1,9.3401,9.2344,1.7916,4,8.9818,9.5746,1.8555
3,1,9.3401,9.2344,1.7916,5,30.413,31.6038,2.5116
3,2,21.2496,21.0212,1.6892,1,13.4784,12.8073,3.0898
3,2,21.2496,21.0212,1.6892,2,12.8161,12.8356,2.7132
3,2,21.2496,21.0212,1.6892,3,13.5727,13.4725,2.3591
3,2,21.2496,21.0212,1.6892,4,8.1087,8.067,2.1755
3,2,21.2496,21.0212,1.6892,5,23.5014,22.9392,2.9002
3,2,21.1388,21.3077,1.7675,1,13.2726,13.7018,3.1183
3,2,21.1388,21.3077,1.7675,2,12.8247,12.6567,3.0464
3,2,21.1388,21.3077,1.7675,3,13.3497,13.5475,2.4966
3,2,21.1388,21.3077,1.7675,4,7.9811,8.3192,2.3816
3,2,21.1388,21.3077,1.7675,5,22.7573,23.3716,3.218
3,2,21.248,21.3237,1.8866,1,13.7752,13.936,3.422
3,2,21.248,21.3237,1.8866,2,13.4576,13.4079,3.4151
3,2,21.248,21.3237,1.8866,3,13.7443,13.7399,2.6887
3,2,21.248,21.3237,1.8866,4,8.1304,8.551,2.5517
3,2,21.248,21.3237,1.8866,5,23.3792,23.1909,3.2263
3,2,21.2406,21.2383,1.7081,1,12.8166,13.6376,2.1105
3,2,21.2406,21.2383,1.7081,2,12.6838,13.2972,2.4315
3,2,21.2406,21.2383,1.7081,3,13.1042,13.5008,2.2449
3,2,21.2406,21.2383,1.7081,4,8.0074,8.394,2.4006
3,2,21.2406,21.2383,1.7081,5,23.1521,23.6507,2.7554
3,2,20.9716,21.3556,1.7939,1,12.9008,14.3443,3.0042
3,2,20.9716,21.3556,1.7939,2,13.5743,13.9697,2.839
3,2,20.9716,21.3556,1.7939,3,14.2695,14.1319,2.5624
3,2,20.9716,21.3556,1.7939,4,8.4908,8.643,2.3206
3,2,20.9716,21.3556,1.7939,5,22.7181,24.0336,2.919
3,3,12.8243,12.1515,2.4704,1,11.6759,11.4656,2.924
3,3,12.8243,12.1515,2.4704,2,13.7031,14.0165,2.7138
3,3,12.8243,12.1515,2.4704,3,11.9432,10.9133,2.566
3,3,12.8243,12.1515,2.4704,4,9.5958,8.8404,2.519
3,3,12.8243,12.1515,2.4704,5,28.5404,25.3408,5.256
3,3,12.0407,11.969,2.6886,1,10.5255,11.436,3.0969
3,3,12.0407,11.969,2.6886,2,14.1988,14.2971,1.9433
3,3,12.0407,11.969,2.6886,3,11.2852,10.7977,2.7568
3,3,12.0407,11.969,2.6886,4,8.9181,9.3363,1.9725
3,3,12.0407,11.969,2.6886,5,25.6993,24.858,5.257
3,3,12.8224,11.9318,2.3224,1,11.7125,11.0073,2.433
3,3,12.8224,11.9318,2.3224,2,13.8872,13.9876,1.7603
3,3,12.8224,11.9318,2.3224,3,11.9325,11.2526,2.7311
3,3,12.8224,11.9318,2.3224,4,9.6659,8.6529,2.3423
3,3,12.8224,11.9318,2.3224,5,28.4506,25.1278,3.8756
3,3,12.8179,11.9737,2.4695,1,11.8551,10.8085,2.706
3,3,12.8179,11.9737,2.4695,2,13.87,13.4737,2.1896
3,3,12.8179,11.9737,2.4695,3,11.9532,10.9266,2.6891
3,3,12.8179,11.9737,2.4695,4,9.7111,8.5566,2.3262
3,3,12.8179,11.9737,2.4695,5,27.8718,24.4596,4.2378
3,3,12.0909,11.9781,2.5436,1,10.6298,11.5855,2.8333
3,3,12.0909,11.9781,2.5436,2,13.4819,13.9859,2.0311
3,3,12.0909,11.9781,2.5436,3,11.305,10.8108,2.7773
3,3,12.0909,11.9781,2.5436,4,8.5644,8.8555,2.7835
3,3,12.0909,11.9781,2.5436,5,25.465,24.3893,3.0555
3,4,11.6644,11.6374,1.6335,1,13.1901,13.653,1.4743
3,4,11.6644,11.6374,1.6335,2,9.3687,9.7245,1.7615
3,4,11.6644,11.6374,1.6335,3,11.3778,11.3668,1.9656
3,4,11.6644,11.6374,1.6335,4,8.3346,8.5413,2.3076
3,4,11.6644,11.6374,1.6335,5,24.6775,24.7006,2.1771
3,4,11.6988,11.6734,1.7847,1,12.9989,12.8005,1.9225
3,4,11.6988,11.6734,1.7847,2,9.2916,9.4672,1.9785
3,4,11.6988,11.6734,1.7847,3,11.3862,11.2402,2.2508
3,4,11.6988,11.6734,1.7847,4,8.13,8.0316,2.2793
3,4,11.6988,11.6734,1.7847,5,24.3101,24.6039,2.4348
3,4,11.5267,11.6513,1.8201,1,14.1429,13.5694,1.5564
3,4,11.5267,11.6513,1.8201,2,9.7616,9.9861,1.983
3,4,11.5267,11.6513,1.8201,3,11.8712,11.3843,1.9234
3,4,11.5267,11.6513,1.8201,4,8.3909,8.3836,2.6694
3,4,11.5267,11.6513,1.8201,5,24.55,24.5321,2.4508
3,4,11.6248,11.6763,1.7055,1,13.6048,13.4752,1.4521
3,4,11.6248,11.6763,1.7055,2,9.9024,9.7067,1.6317
3,4,11.6248,11.6763,1.7055,3,11.6332,11.4814,2.0775
3,4,11.6248,11.6763,1.7055,4,8.4683,8.4339,2.3709
3,4,11.6248,11.6763,1.7055,5,24.8303,25.1755,2.559
3,4,11.6462,11.653,1.871,1,13.9792,13.9523,1.705
3,4,11.6462,11.653,1.871,2,10.0491,9.8487,2.0994
3,4,11.6462,11.653,1.871,3,11.7385,11.3754,2.2341
3,4,11.6462,11.653,1.871,4,8.4542,8.6941,2.4567
3,4,11.6462,11.653,1.871,5,24.5711,25.0376,2.3453
3,5,19.9852,20.0298,2.6112,1,33.6033,32.4608,5.3202
3,5,19.9852,20.0298,2.6112,2,42.0628,42.0501,8.9501
3,5,19.9852,20.0298,2.6112,3,40.4897,40.3983,6.4864
3,5,19.9852,20.0298,2.6112,4,23.2586,23.235,3.778
3,5,19.9852,20.0298,2.6112,5,36.2558,36.0337,3.1293
3,5,20.1129,20.1776,2.5359,1,33.1232,30.6922,3.1581
3,5,20.1129,20.1776,2.5359,2,40.7785,40.506,16.8892
3,5,20.1129,20.1776,2.5359,3,39.552,37.5657,5.0966
3,5,20.1129,20.1776,2.5359,4,22.3468,21.7865,5.7202
3,5,20.1129,20.1776,2.5359,5,35.4373,35.6732,2.5385
3,5,20.3281,20.0806,2.7454,1,31.4563,33.3856,4.3799
3,5,20.3281,20.0806,2.7454,2,40.6895,42.1619,4.506
3,5,20.3281,20.0806,2.7454,3,37.9115,41.3445,4.2081
3,5,20.3281,20.0806,2.7454,4,21.8001,23.4145,3.0816
3,5,20.3281,20.0806,2.7454,5,35.7893,35.8415,3.5635
3,5,20.0449,20.066,3.0118,1,32.1421,32.0521,10.1974
3,5,20.0449,20.066,3.0118,2,40.4111,40.584,20.5828
3,5,20.0449,20.066,3.0118,3,39.3638,38.5491,12.4942
3,5,20.0449,20.066,3.0118,4,22.1451,22.0743,5.9535
3,5,20.0449,20.066,3.0118,5,34.9595,34.6877,4.9208
3,5,20.0175,20.0519,2.8915,1,33.5743,31.4412,5.7913
3,5,20.0175,20.0519,2.8915,2,42.3928,41.3184,9.222
3,5,20.0175,20.0519,2.8915,3,40.1017,39.0653,6.4578
3,5,20.0175,20.0519,2.8915,4,23.5518,22.7111,3.6896
3,5,20.0175,20.0519,2.8915,5,37.2108,36.0234,4.0805
4,1,9.3398,9.2142,1.9912,1,10.4024,9.6972,1.9873
4,1,9.3398,9.2142,1.9912,2,8.8198,8.2863,1.7273
4,1,9.3398,9.2142,1.9912,3,11.0914,10.884,2.4552
4,1,9.3398,9.2142,1.9912,4,9.0932,9.3893,1.5639
4,1,9.3398,9.2142,1.9912,5,30.8661,31.0095,4.8891
4,1,9.1916,9.3492,1.7347,1,10.1617,9.8576,1.3653
4,1,9.1916,9.3492,1.7347,2,8.7908,8.4073,1.4986
4,1,9.1916,9.3492,1.7347,3,10.8468,11.4081,1.8899
4,1,9.1916,9.3492,1.7347,4,9.2334,9.5151,1.8187
4,1,9.1916,9.3492,1.7347,5,30.3856,31.8502,2.5896
4,1,9.372,9.2069,1.9949,1,9.7701,10.0078,1.6906
4,1,9.372,9.2069,1.9949,2,8.7192,8.6008,1.7534
4,1,9.372,9.2069,1.9949,3,11.1568,11.1005,3.6114
4,1,9.372,9.2069,1.9949,4,9.2277,9.6003,1.9096
4,1,9.372,9.2069,1.9949,5,30.9979,31.9475,3.7618
4,1,9.3258,9.2146,1.8549,1,9.9604,9.3997,1.5188
4,1,9.3258,9.2146,1.8549,2,8.6025,8.5985,1.5799
4,1,9.3258,9.2146,1.8549,3,10.8477,11.0265,2.8567
4,1,9.3258,9.2146,1.8549,4,9.0198,9.2142,1.1713
4,1,9.3258,9.2146,1.8549,5,30.5687,30.9619,4.5992
4,1,9.2222,9.2288,1.7362,1,9.9527,9.6841,2.5303
4,1,9.2222,9.2288,1.7362,2,8.5984,8.2178,1.5077
4,1,9.2222,9.2288,1.7362,3,11.1991,10.8706,3.6864
4,1,9.2222,9.2288,1.7362,4,9.5892,9.2722,1.4444
4,1,9.2222,9.2288,1.7362,5,31.8462,30.8393,5.7993
4,2,20.8125,21.2456,2.161,1,12.258,13.5699,1.8177
4,2,20.8125,21.2456,2.161,2,13.3286,12.812,2.015
4,2,20.8125,21.2456,2.161,3,13.8123,13.6399,2.9591
4,2,20.8125,21.2456,2.161,4,8.1095,8.311,2.8166
4,2,20.8125,21.2456,2.161,5,22.9991,23.5007,6.8807
4,2,20.7787,21.3149,1.9522,1,12.1611,13.8728,4.726
4,2,20.7787,21.3149,1.9522,2,13.0426,13.4426,2.5831
4,2,20.7787,21.3149,1.9522,3,13.4135,13.993,3.28
4,2,20.7787,21.3149,1.9522,4,8.1853,8.2076,3.0248
4,2,20.7787,21.3149,1.9522,5,22.4811,23.5439,3.2949
4,2,20.7622,21.0735,1.7785,1,12.0517,13.0246,3.5417
4,2,20.7622,21.0735,1.7785,2,12.6881,13.0277,1.8777
4,2,20.7622,21.0735,1.7785,3,13.9092,13.3697,2.6749
4,2,20.7622,21.0735,1.7785,4,8.0089,8.1106,2.2108
4,2,20.7622,21.0735,1.7785,5,23.211,22.9834,3.742
4,2,20.7848,21.1215,2.3713,1,12.1233,11.9952,1.6597
4,2,20.7848,21.1215,2.3713,2,13.1398,11.9755,1.3662
4,2,20.7848,21.1215,2.3713,3,13.3825,13.2198,3.6801
4,2,20.7848,21.1215,2.3713,4,7.8917,7.7421,2.2106
4,2,20.7848,21.1215,2.3713,5,22.6219,22.7137,2.9695
4,2,20.8596,20.7914,1.7516,1,11.6335,12.9164,3.1453
4,2,20.8596,20.7914,1.7516,2,12.3654,14.102,2.1596
4,2,20.8596,20.7914,1.7516,3,12.7439,14.491,2.5927
4,2,20.8596,20.7914,1.7516,4,7.6435,8.6005,2.5809
4,2,20.8596,20.7914,1.7516,5,22.8238,22.403,4.1297
4,3,12.0648,11.9411,2.4572,1,11.102,10.7828,2.4828
4,3,12.0648,11.9411,2.4572,2,14.4254,13.8103,1.7832
4,3,12.0648,11.9411,2.4572,3,11.0938,11.0741,2.2932
4,3,12.0648,11.9411,2.4572,4,9.1639,8.7299,1.9341
4,3,12.0648,11.9411,2.4572,5,25.9735,25.3074,3.694
4,3,13.0858,11.6302,2.5588,1,11.7524,11.0697,8.0224
4,3,13.0858,11.6302,2.5588,2,13.5894,14.8442,4.2726
4,3,13.0858,11.6302,2.5588,3,11.893,11.5092,2.4828
4,3,13.0858,11.6302,2.5588,4,9.7404,9.3423,1.9872
4,3,13.0858,11.6302,2.5588,5,28.0994,25.5559,2.6022
4,3,11.6959,11.9145,2.5174,1,11.0634,11.2428,2.5501
4,3,11.6959,11.9145,2.5174,2,14.6877,14.5381,1.4147
4,3,11.6959,11.9145,2.5174,3,11.3108,11.3448,2.2412
4,3,11.6959,11.9145,2.5174,4,8.7856,8.8521,1.8379
4,3,11.6959,11.9145,2.5174,5,24.9975,25.4852,2.1774
4,3,11.8565,11.5954,2.4561,1,11.1319,11.6044,2.8765
4,3,11.8565,11.5954,2.4561,2,14.3909,14.7,1.7411
4,3,11.8565,11.5954,2.4561,3,10.9474,11.3202,2.6873
4,3,11.8565,11.5954,2.4561,4,8.6881,9.3757,2.1933
4,3,11.8565,11.5954,2.4561,5,24.551,25.1616,3.4903
4,3,12.1362,11.5404,2.6019,1,10.3102,11.5407,2.1855
4,3,12.1362,11.5404,2.6019,2,13.7635,14.4326,1.9049
4,3,12.1362,11.5404,2.6019,3,11.1557,11.2186,2.3881
4,3,12.1362,11.5404,2.6019,4,8.7058,9.3888,1.9856
4,3,12.1362,11.5404,2.6019,5,25.5284,25.3721,1.7482
4,4,11.5639,11.6733,1.8427,1,13.5672,13.5634,1.249
4,4,11.5639,11.6733,1.8427,2,9.6106,10.0042,1.9767
4,4,11.5639,11.6733,1.8427,3,11.6477,11.4294,1.8735
4,4,11.5639,11.6733,1.8427,4,8.226,8.2398,2.7949
4,4,11.5639,11.6733,1.8427,5,24.9958,24.4066,4.1042
4,4,11.6646,11.6498,2.1352,1,12.9914,13.377,2.7334
4,4,11.6646,11.6498,2.1352,2,9.5766,9.6522,1.9394
4,4,11.6646,11.6498,2.1352,3,11.2744,11.4206,3.637
4,4,11.6646,11.6498,2.1352,4,8.1679,8.2369,2.9305
4,4,11.6646,11.6498,2.1352,5,24.8387,24.5784,5.8815
4,4,11.5688,11.6627,2.0136,1,13.8628,13.4007,2.6627
4,4,11.5688,11.6627,2.0136,2,10.0562,9.3158,2.2914
4,4,11.5688,11.6627,2.0136,3,11.737,11.4435,3.7271
4,4,11.5688,11.6627,2.0136,4,8.6339,8.2524,2.983
4,4,11.5688,11.6627,2.0136,5,24.9162,24.4687,3.4536
4,4,11.583,11.6526,1.9852,1,13.0527,13.1069,2.3216
4,4,11.583,11.6526,1.9852,2,9.3334,9.5215,3.9629
4,4,11.583,11.6526,1.9852,3,11.3554,11.3189,2.8102
4,4,11.583,11.6526,1.9852,4,8.2746,8.096,2.0403
4,4,11.583,11.6526,1.9852,5,25.0303,24.5841,4.3518
4,4,11.5853,11.7068,1.6576,1,13.7885,12.595,1.6955
4,4,11.5853,11.7068,1.6576,2,9.8029,9.4019,1.9399
4,4,11.5853,11.7068,1.6576,3,11.9087,11.2265,1.8046
4,4,11.5853,11.7068,1.6576,4,8.7078,7.9002,2.3824
4,4,11.5853,11.7068,1.6576,5,26.0411,24.6554,2.2389
4,5,20.0802,20.0863,3.0571,1,34.0745,34.5321,5.7444
4,5,20.0802,20.0863,3.0571,2,42.8316,43.7539,7.4585
4,5,20.0802,20.0863,3.0571,3,40.8541,41.4445,6.0399
4,5,20.0802,20.0863,3.0571,4,23.9463,24.4337,4.767
4,5,20.0802,20.0863,3.0571,5,37.566,37.7551,3.0947
4,5,20.0252,20.0644,2.6364,1,32.7064,31.883,23.9294
4,5,20.0252,20.0644,2.6364,2,41.1338,40.6574,88.9461
4,5,20.0252,20.0644,2.6364,3,40.6069,38.5807,30.3734
4,5,20.0252,20.0644,2.6364,4,22.7054,22.1019,10.8901
4,5,20.0252,20.0644,2.6364,5,35.6011,34.9018,10.402
4,5,20.0863,20.057,3.0646,1,32.918,33.8829,5.0971
4,5,20.0863,20.057,3.0646,2,43.0712,42.9447,25.0255
4,5,20.0863,20.057,3.0646,3,40.4463,40.8151,5.559
4,5,20.0863,20.057,3.0646,4,23.7977,23.9561,7.3462
4,5,20.0863,20.057,3.0646,5,36.9413,36.3608,2.3999
4,5,20.0409,20.1684,3.0692,1,33.8181,34.1108,4.4508
4,5,20.0409,20.1684,3.0692,2,42.1409,44.4171,29.0117
4,5,20.0409,20.1684,3.0692,3,41.1532,41.207,6.9541
4,5,20.0409,20.1684,3.0692,4,23.4807,25.0105,7.2709
4,5,20.0409,20.1684,3.0692,5,36.7874,39.4783,2.3617
4,5,19.9792,20.079,2.9775,1,33.6815,33.7405,4.6836
4,5,19.9792,20.079,2.9775,2,42.5194,42.5359,7.2927
4,5,19.9792,20.079,2.9775,3,41.229,41.1053,5.3451
4,5,19.9792,20.079,2.9775,4,23.804,23.4428,4.4765
4,5,19.9792,20.079,2.9775,5,36.3934,35.7148,3.2381
5,1,9.3016,9.0522,1.992,1,9.7534,10.1756,1.7868
5,1,9.3016,9.0522,1.992,2,9.0346,8.5201,1.2837
5,1,9.3016,9.0522,1.992,3,10.9836,11.3429,2.4
5,1,9.3016,9.0522,1.992,4,9.2931,9.5427,1.8981
5,1,9.3016,9.0522,1.992,5,31.1748,31.5587,7.4296
5,1,9.1513,9.0627,2.36,1,10.1659,10.4123,1.623
5,1,9.1513,9.0627,2.36,2,8.1139,8.6221,2.5451
5,1,9.1513,9.0627,2.36,3,11.2318,11.6183,10.5723
5,1,9.1513,9.0627,2.36,4,9.5393,10.2932,2.8314
5,1,9.1513,9.0627,2.36,5,31.5804,32.5362,3.3561
5,1,9.1401,9.0674,2.1112,1,9.8156,10.0242,1.7676
5,1,9.1401,9.0674,2.1112,2,8.1853,8.5776,1.4365
5,1,9.1401,9.0674,2.1112,3,11.5022,11.0513,3.9022
5,1,9.1401,9.0674,2.1112,4,8.9074,9.5319,1.9519
5,1,9.1401,9.0674,2.1112,5,31.4387,31.0952,5.7752
5,1,9.1808,9.0347,2.0588,1,9.8709,9.9859,1.5236
5,1,9.1808,9.0347,2.0588,2,8.4093,8.4745,1.7537
5,1,9.1808,9.0347,2.0588,3,11.3888,11.598,3.7367
5,1,9.1808,9.0347,2.0588,4,9.4105,9.9857,2.6621
5,1,9.1808,9.0347,2.0588,5,32.1515,32.0889,6.1963
5,1,9.1079,9.0575,1.9748,1,10.8186,10.3761,2.282
5,1,9.1079,9.0575,1.9748,2,9.5022,8.46,1.3862
5,1,9.1079,9.0575,1.9748,3,11.0477,11.1814,7.6694
5,1,9.1079,9.0575,1.9748,4,8.9204,9.8448,1.392
5,1,9.1079,9.0575,1.9748,5,30.5174,31.3962,5.937
5,2,20.9084,19.968,2.7512,1,11.2695,11.5981,8.1484
5,2,20.9084,19.968,2.7512,2,12.5654,14.4936,4.6571
5,2,20.9084,19.968,2.7512,3,13.2809,14.7312,5.7118
5,2,20.9084,19.968,2.7512,4,7.9339,9.6655,4.0402
5,2,20.9084,19.968,2.7512,5,22.8188,27.2351,6.6527
5,2,20.0483,20.0384,2.2264,1,13.0938,11.2548,2.9163
5,2,20.0483,20.0384,2.2264,2,15.0977,13.9247,8.0595
5,2,20.0483,20.0384,2.2264,3,15.3711,13.3499,4.9407
5,2,20.0483,20.0384,2.2264,4,10.3445,9.419,5.4336
5,2,20.0483,20.0384,2.2264,5,26.4193,25.6218,11.684
5,2,20.0289,20.0201,2.2748,1,12.5435,12.9611,2.2361
5,2,20.0289,20.0201,2.2748,2,14.685,14.414,3.5474
5,2,20.0289,20.0201,2.2748,3,14.4858,15.1647,2.8797
5,2,20.0289,20.0201,2.2748,4,9.5475,9.948,5.3577
5,2,20.0289,20.0201,2.2748,5,25.2727,25.2256,22.203
5,2,20.0595,20.0042,2.5052,1,12.3323,12.8731,9.6133
5,2,20.0595,20.0042,2.5052,2,14.2659,14.1349,7.0153
5,2,20.0595,20.0042,2.5052,3,14.4854,14.775,2.7355
5,2,20.0595,20.0042,2.5052,4,9.4833,9.3493,2.7327
5,2,20.0595,20.0042,2.5052,5,25.0098,24.7137,8.4231
5,2,20.0044,19.887,2.5894,1,12.0472,12.2511,3.6266
5,2,20.0044,19.887,2.5894,2,14.1226,14.7779,6.0276
5,2,20.0044,19.887,2.5894,3,14.7223,14.7481,5.3061
5,2,20.0044,19.887,2.5894,4,9.3321,9.7609,4.7502
5,2,20.0044,19.887,2.5894,5,25.6324,26.672,13.0593
5,3,11.9349,11.6809,3.036,1,11.276,10.6776,4.0971
5,3,11.9349,11.6809,3.036,2,13.884,13.999,2.9158
5,3,11.9349,11.6809,3.036,3,11.4074,11.3184,3.4505
5,3,11.9349,11.6809,3.036,4,8.7694,9.3541,2.8634
5,3,11.9349,11.6809,3.036,5,25.9004,25.6431,6.1843
5,3,11.4997,11.8914,3.1149,1,11.5717,11.0589,4.8644
5,3,11.4997,11.8914,3.1149,2,14.0779,14.0857,7.8077
5,3,11.4997,11.8914,3.1149,3,11.4188,11.1113,5.3334
5,3,11.4997,11.8914,3.1149,4,9.4418,9.2059,8.0485
5,3,11.4997,11.8914,3.1149,5,26.3173,25.4342,15.0513
5,3,11.6824,11.6033,2.8913,1,11.8849,12.0769,3.5015
5,3,11.6824,11.6033,2.8913,2,14.9374,14.6477,3.0955
5,3,11.6824,11.6033,2.8913,3,11.7137,11.4661,3.7601
5,3,11.6824,11.6033,2.8913,4,9.2183,9.2525,2.3663
5,3,11.6824,11.6033,2.8913,5,26.1038,25.0817,10.609
5,3,11.664,11.5768,2.9694,1,11.5297,11.6715,10.7308
5,3,11.664,11.5768,2.9694,2,14.0834,14.1766,12.9648
5,3,11.664,11.5768,2.9694,3,11.2506,10.9739,3.057
5,3,11.664,11.5768,2.9694,4,8.9582,9.5095,2.9496
5,3,11.664,11.5768,2.9694,5,25.0376,25.2411,5.8411
5,3,11.6928,11.6424,2.6821,1,11.6187,11.5223,3.1884
5,3,11.6928,11.6424,2.6821,2,14.3299,14.3441,4.5483
5,3,11.6928,11.6424,2.6821,3,11.5481,11.1089,2.4811
5,3,11.6928,11.6424,2.6821,4,9.3916,8.8066,2.9034
5,3,11.6928,11.6424,2.6821,5,25.164,24.3062,6.7357
5,4,11.5386,11.4828,2.2698,1,13.4881,13.7394,3.6229
5,4,11.5386,11.4828,2.2698,2,9.493,9.2809,3.1194
5,4,11.5386,11.4828,2.2698,3,11.7016,11.3797,4.859
5,4,11.5386,11.4828,2.2698,4,8.2698,8.4721,2.1804
5,4,11.5386,11.4828,2.2698,5,23.8261,24.7988,24.558
5,4,11.3695,11.4318,2.3335,1,14.0743,14.5709,2.1934
5,4,11.3695,11.4318,2.3335,2,9.6585,9.9206,3.0153
5,4,11.3695,11.4318,2.3335,3,11.512,11.5782,3.1914
5,4,11.3695,11.4318,2.3335,4,8.2453,8.5674,2.9214
5,4,11.3695,11.4318,2.3335,5,23.4407,24.1157,11.1479
5,4,11.4315,11.4666,2.3207,1,14.2873,13.5008,6.1269
5,4,11.4315,11.4666,2.3207,2,9.6132,9.6142,2.5776
5,4,11.4315,11.4666,2.3207,3,11.6056,11.4314,5.7111
5,4,11.4315,11.4666,2.3207,4,8.3954,8.5535,2.3562
5,4,11.4315,11.4666,2.3207,5,23.4884,25.1935,6.0345
5,4,11.4423,11.4293,2.4212,1,13.491,14.6761,5.8982
5,4,11.4423,11.4293,2.4212,2,9.5907,9.53,4.5018
5,4,11.4423,11.4293,2.4212,3,11.3683,11.2872,4.4108
5,4,11.4423,11.4293,2.4212,4,8.1441,8.2027,2.6226
5,4,11.4423,11.4293,2.4212,5,24.3557,23.613,16.8032
5,4,11.4677,11.5027,2.4666,1,14.9654,14.9335,1.9139
5,4,11.4677,11.5027,2.4666,2,9.1872,10.0151,2.0951
5,4,11.4677,11.5027,2.4666,3,11.0672,11.8249,4.1708
5,4,11.4677,11.5027,2.4666,4,8.138,8.8657,2.2758
5,4,11.4677,11.5027,2.4666,5,22.8173,24.2386,7.6053
5,5,20.0656,19.9881,3.3127,1,32.2709,34.687,16.6307
5,5,20.0656,19.9881,3.3127,2,41.4966,44.1273,19.4096
5,5,20.0656,19.9881,3.3127,3,39.8394,42.3984,22.2056
5,5,20.0656,19.9881,3.3127,4,22.5556,25.1358,10.5831
5,5,20.0656,19.9881,3.3127,5,36.7318,39.2913,7.1622
5,5,20.0641,19.946,3.7062,1,32.2238,32.7633,14.1445
5,5,20.0641,19.946,3.7062,2,42.2532,41.4119,36.6928
5,5,20.0641,19.946,3.7062,3,40.7053,40.0598,14.4116
5,5,20.0641,19.946,3.7062,4,23.6311,22.95,7.7718
5,5,20.0641,19.946,3.7062,5,37.1448,36.4046,6.9202
5,5,20.1287,20.1262,3.2567,1,35.1903,33.1198,19.6879
5,5,20.1287,20.1262,3.2567,2,45.5541,43.6932,46.4246
5,5,20.1287,20.1262,3.2567,3,43.3042,41.1974,11.2069
5,5,20.1287,20.1262,3.2567,4,26.2817,24.5484,8.2789
5,5,20.1287,20.1262,3.2567,5,39.8474,37.2284,4.4669
5,5,20.1398,20.0202,3.3533,1,31.9404,32.363,6.8675
5,5,20.1398,20.0202,3.3533,2,42.3732,41.8947,6.5759
5,5,20.1398,20.0202,3.3533,3,39.3533,39.7117,5.7325
5,5,20.1398,20.0202,3.3533,4,23.4292,23.5488,4.0226
5,5,20.1398,20.0202,3.3533,5,35.7296,36.6639,2.403
5,5,20.114,20.3373,3.2468,1,32.4745,33.6436,8.8172
5,5,20.114,20.3373,3.2468,2,40.9004,41.4198,6.3934
5,5,20.114,20.3373,3.2468,3,39.1612,40.0328,9.4632
5,5,20.114,20.3373,3.2468,4,22.451,22.5487,4.7367
5,5,20.114,20.3373,3.2468,5,36.7085,34.7001,7.2771
