1,1,3.0489,3.0548,1.59,1,4.2508,4.271,3.6242
1,1,3.0489,3.0548,1.59,2,2.9466,2.9809,2.6084
1,1,3.0489,3.0548,1.59,3,5.0188,4.9925,2.3819
1,1,3.0489,3.0548,1.59,4,3.9831,4.0149,3.1336
1,1,3.0489,3.0548,1.59,5,5.1723,5.378,4.1599
1,1,3.0417,3.0454,1.656,1,4.2986,4.2981,3.565
1,1,3.0417,3.0454,1.656,2,2.9462,2.9861,2.6663
1,1,3.0417,3.0454,1.656,3,5.0919,4.9518,2.5485
1,1,3.0417,3.0454,1.656,4,4.052,3.9971,3.1851
1,1,3.0417,3.0454,1.656,5,5.2691,5.2789,4.1569
1,1,3.05,3.0405,1.6674,1,4.2791,4.3826,3.6083
1,1,3.05,3.0405,1.6674,2,2.9723,2.9845,2.6433
1,1,3.05,3.0405,1.6674,3,4.8466,5.2089,2.5249
1,1,3.05,3.0405,1.6674,4,4.0122,4.1632,3.1767
1,1,3.05,3.0405,1.6674,5,5.3269,5.3461,4.098
1,1,3.0481,3.0499,1.7166,1,4.4107,4.3025,3.6652
1,1,3.0481,3.0499,1.7166,2,2.9893,2.9798,2.7196
1,1,3.0481,3.0499,1.7166,3,5.1297,4.9932,2.6322
1,1,3.0481,3.0499,1.7166,4,4.1529,4.009,3.2658
1,1,3.0481,3.0499,1.7166,5,5.4204,5.2819,4.1877
1,1,3.0572,3.0432,1.5887,1,4.4772,4.3199,3.5492
1,1,3.0572,3.0432,1.5887,2,3.0685,2.9889,2.6213
1,1,3.0572,3.0432,1.5887,3,5.2373,5.0432,2.461
1,1,3.0572,3.0432,1.5887,4,4.1984,4.0384,3.1696
1,1,3.0572,3.0432,1.5887,5,5.4246,5.3108,4.1485
1,2,3.4109,3.3949,1.7528,1,8.853,8.7,6.8093
1,2,3.4109,3.3949,1.7528,2,6.2623,6.1978,4.7515
1,2,3.4109,3.3949,1.7528,3,7.9869,7.7389,4.2008
1,2,3.4109,3.3949,1.7528,4,8.0894,7.8802,5.6982
1,2,3.4109,3.3949,1.7528,5,10.2195,10.1625,6.9748
1,2,3.4511,3.3915,1.8801,1,8.8081,8.9186,7.1834
1,2,3.4511,3.3915,1.8801,2,6.4212,6.3337,5.1484
1,2,3.4511,3.3915,1.8801,3,7.9581,7.9583,4.6192
1,2,3.4511,3.3915,1.8801,4,8.1694,8.0609,6.0715
1,2,3.4511,3.3915,1.8801,5,10.3579,10.318,7.6957
1,2,3.4707,3.3868,1.8278,1,8.8195,8.9915,6.9591
1,2,3.4707,3.3868,1.8278,2,6.3773,6.2866,4.9084
1,2,3.4707,3.3868,1.8278,3,8.203,8.1539,4.2662
1,2,3.4707,3.3868,1.8278,4,8.1603,8.1804,5.9041
1,2,3.4707,3.3868,1.8278,5,10.1309,10.3965,7.1881
1,2,3.4061,3.3857,1.8656,1,8.8229,8.9597,7.0872
1,2,3.4061,3.3857,1.8656,2,6.3156,6.3052,4.9794
1,2,3.4061,3.3857,1.8656,3,8.0913,8.1439,4.6494
1,2,3.4061,3.3857,1.8656,4,8.1645,8.1604,5.8948
1,2,3.4061,3.3857,1.8656,5,10.2508,10.3337,7.3261
1,2,3.36,3.3857,1.8088,1,9.1208,8.869,6.8055
1,2,3.36,3.3857,1.8088,2,6.2803,6.205,4.8072
1,2,3.36,3.3857,1.8088,3,8.1518,8.0021,4.2117
1,2,3.36,3.3857,1.8088,4,8.5725,8.06,5.7792
1,2,3.36,3.3857,1.8088,5,10.6552,10.23,7.0202
1,3,3.1943,3.1999,2.7739,1,4.9204,4.7431,3.9568
1,3,3.1943,3.1999,2.7739,2,3.5745,3.674,2.9717
1,3,3.1943,3.1999,2.7739,3,4.7091,4.5784,2.8357
1,3,3.1943,3.1999,2.7739,4,4.7634,4.573,3.631
1,3,3.1943,3.1999,2.7739,5,6.6549,6.5184,4.3603
1,3,3.2669,3.1944,2.7647,1,5.0003,4.8337,4.3551
1,3,3.2669,3.1944,2.7647,2,3.8476,3.7045,3.2319
1,3,3.2669,3.1944,2.7647,3,4.7572,4.5648,2.9231
1,3,3.2669,3.1944,2.7647,4,4.9373,4.6107,3.8619
1,3,3.2669,3.1944,2.7647,5,6.8133,6.5735,5.019
1,3,3.2036,3.2066,2.8464,1,4.9421,4.7588,4.1726
1,3,3.2036,3.2066,2.8464,2,3.6693,3.7136,3.1645
1,3,3.2036,3.2066,2.8464,3,4.7524,4.5743,2.9874
1,3,3.2036,3.2066,2.8464,4,4.8201,4.5823,3.8143
1,3,3.2036,3.2066,2.8464,5,6.6879,6.5269,4.7217
1,3,3.1989,3.1973,2.7565,1,5.1981,5.0027,4.1918
1,3,3.1989,3.1973,2.7565,2,3.7604,3.6967,3.0498
1,3,3.1989,3.1973,2.7565,3,4.8016,4.7845,2.9336
1,3,3.1989,3.1973,2.7565,4,5.001,4.7698,3.6832
1,3,3.1989,3.1973,2.7565,5,7.0862,6.681,4.506
1,3,3.2017,3.1962,2.8536,1,4.7879,4.8346,4.3727
1,3,3.2017,3.1962,2.8536,2,3.5902,3.6778,3.1983
1,3,3.2017,3.1962,2.8536,3,4.5554,4.6431,2.9198
1,3,3.2017,3.1962,2.8536,4,4.549,4.6288,3.909
1,3,3.2017,3.1962,2.8536,5,6.5118,6.5702,4.9723
1,4,2.8796,2.8419,2.7235,1,5.4805,5.5453,5.0728
1,4,2.8796,2.8419,2.7235,2,3.7231,3.6606,3.8173
1,4,2.8796,2.8419,2.7235,3,5.1519,5.2263,3.2284
1,4,2.8796,2.8419,2.7235,4,4.7826,4.8283,4.6122
1,4,2.8796,2.8419,2.7235,5,6.3804,6.3928,5.9139
1,4,2.8803,2.8372,2.769,1,5.4069,5.4435,4.8867
1,4,2.8803,2.8372,2.769,2,3.6791,3.6775,3.7661
1,4,2.8803,2.8372,2.769,3,5.1072,5.1059,3.1196
1,4,2.8803,2.8372,2.769,4,4.7325,4.7118,4.5037
1,4,2.8803,2.8372,2.769,5,6.3344,6.2633,5.8824
1,4,2.88,2.8409,2.6473,1,5.3502,5.5666,4.9357
1,4,2.88,2.8409,2.6473,2,3.5869,3.6776,3.7338
1,4,2.88,2.8409,2.6473,3,5.1586,5.1825,3.1296
1,4,2.88,2.8409,2.6473,4,4.6706,4.816,4.4785
1,4,2.88,2.8409,2.6473,5,6.1575,6.4106,5.8169
1,4,2.8817,2.8356,2.6332,1,5.4175,5.5373,4.9429
1,4,2.8817,2.8356,2.6332,2,3.6438,3.6969,3.7634
1,4,2.8817,2.8356,2.6332,3,5.1367,5.1468,3.1095
1,4,2.8817,2.8356,2.6332,4,4.7645,4.7867,4.4791
1,4,2.8817,2.8356,2.6332,5,6.355,6.4213,5.9709
1,4,2.8752,2.8531,2.6629,1,5.4301,5.3933,4.952
1,4,2.8752,2.8531,2.6629,2,3.6278,3.6352,3.728
1,4,2.8752,2.8531,2.6629,3,5.1639,4.9772,3.0892
1,4,2.8752,2.8531,2.6629,4,4.7874,4.6391,4.4935
1,4,2.8752,2.8531,2.6629,5,6.361,6.3713,5.8199
1,5,3.3242,3.2938,1.7266,1,6.0775,6.1418,4.9004
1,5,3.3242,3.2938,1.7266,2,3.9459,3.9883,3.5092
1,5,3.3242,3.2938,1.7266,3,6.9584,6.916,2.643
1,5,3.3242,3.2938,1.7266,4,5.4045,5.3295,4.2382
1,5,3.3242,3.2938,1.7266,5,6.2613,6.2833,5.9249
1,5,3.3214,3.2936,1.828,1,6.0896,6.2101,5.2827
1,5,3.3214,3.2936,1.828,2,3.9041,4.0129,3.7179
1,5,3.3214,3.2936,1.828,3,7.0611,6.9598,2.864
1,5,3.3214,3.2936,1.828,4,5.4297,5.3824,4.551
1,5,3.3214,3.2936,1.828,5,6.216,6.2686,6.2294
1,5,3.3255,3.2927,1.7852,1,6.1673,6.1666,4.9644
1,5,3.3255,3.2927,1.7852,2,4.0123,4.0041,3.5516
1,5,3.3255,3.2927,1.7852,3,6.9814,6.9787,2.7042
1,5,3.3255,3.2927,1.7852,4,5.4508,5.372,4.3129
1,5,3.3255,3.2927,1.7852,5,6.3734,6.298,5.9683
1,5,3.3275,3.2927,1.9089,1,6.0094,6.1789,5.3975
1,5,3.3275,3.2927,1.9089,2,3.9708,3.9739,3.8483
1,5,3.3275,3.2927,1.9089,3,6.9011,7.126,2.8692
1,5,3.3275,3.2927,1.9089,4,5.2905,5.4466,4.6814
1,5,3.3275,3.2927,1.9089,5,6.1491,6.3058,6.4745
1,5,3.3227,3.3014,1.7519,1,6.1912,6.2815,5.1316
1,5,3.3227,3.3014,1.7519,2,3.9773,4.0568,3.6405
1,5,3.3227,3.3014,1.7519,3,7.0608,7.1521,2.7363
1,5,3.3227,3.3014,1.7519,4,5.4971,5.448,4.4144
1,5,3.3227,3.3014,1.7519,5,6.406,6.3849,6.1835
2,1,3.0419,3.0446,1.4455,1,4.5251,4.3687,2.3097
2,1,3.0419,3.0446,1.4455,2,3.0212,2.9649,2.0496
2,1,3.0419,3.0446,1.4455,3,5.311,5.1056,2.1923
2,1,3.0419,3.0446,1.4455,4,4.2965,4.091,2.4265
2,1,3.0419,3.0446,1.4455,5,5.4871,5.215,2.8089
2,1,3.0344,3.0404,1.6418,1,4.3615,4.4021,2.5365
2,1,3.0344,3.0404,1.6418,2,3.0127,3.0119,2.2332
2,1,3.0344,3.0404,1.6418,3,5.1565,5.247,2.5229
2,1,3.0344,3.0404,1.6418,4,4.1637,4.1914,2.7778
2,1,3.0344,3.0404,1.6418,5,5.3113,5.3452,2.9485
2,1,3.0373,3.0601,1.5105,1,4.4678,4.308,2.3583
2,1,3.0373,3.0601,1.5105,2,3.041,3.0174,1.9847
2,1,3.0373,3.0601,1.5105,3,5.2156,4.9236,2.1944
2,1,3.0373,3.0601,1.5105,4,4.2201,3.9749,2.4025
2,1,3.0373,3.0601,1.5105,5,5.5089,5.2103,2.6636
2,1,3.036,3.056,1.4662,1,4.2544,4.3915,2.2424
2,1,3.036,3.056,1.4662,2,2.9053,3.0097,2.0109
2,1,3.036,3.056,1.4662,3,4.9813,5.1026,2.233
2,1,3.036,3.056,1.4662,4,4.0215,4.1142,2.3512
2,1,3.036,3.056,1.4662,5,5.2051,5.2527,2.593
2,1,3.0097,3.052,1.548,1,4.4733,4.335,2.4848
2,1,3.0097,3.052,1.548,2,3.0566,3.0311,2.2719
2,1,3.0097,3.052,1.548,3,5.124,5.1798,2.5096
2,1,3.0097,3.052,1.548,4,4.0886,4.1096,2.7304
2,1,3.0097,3.052,1.548,5,5.3368,5.3626,3.2794
2,2,3.3938,3.391,1.8096,1,8.8154,8.685,2.7675
2,2,3.3938,3.391,1.8096,2,6.2666,6.2044,2.8335
2,2,3.3938,3.391,1.8096,3,7.871,7.5961,2.5472
2,2,3.3938,3.391,1.8096,4,7.9659,7.8444,3.0256
2,2,3.3938,3.391,1.8096,5,10.041,10.0679,4.0008
2,2,3.383,3.3794,1.6996,1,8.7976,8.9395,4.3282
2,2,3.383,3.3794,1.6996,2,6.2429,6.3279,2.9565
2,2,3.383,3.3794,1.6996,3,7.9774,8.1226,3.4791
2,2,3.383,3.3794,1.6996,4,8.0757,8.2156,3.5609
2,2,3.383,3.3794,1.6996,5,10.1986,10.2899,3.4186
2,2,3.3794,3.3843,1.7266,1,8.9886,8.6363,3.1037
2,2,3.3794,3.3843,1.7266,2,6.3233,6.1525,3.1799
2,2,3.3794,3.3843,1.7266,3,8.03,7.7397,2.4987
2,2,3.3794,3.3843,1.7266,4,8.2461,7.8516,3.2646
2,2,3.3794,3.3843,1.7266,5,10.4698,10.0357,4.7327
2,2,3.3832,3.3869,1.6964,1,8.7269,8.9433,2.6103
2,2,3.3832,3.3869,1.6964,2,6.2271,6.3387,2.6434
2,2,3.3832,3.3869,1.6964,3,7.8415,8.124,2.4103
2,2,3.3832,3.3869,1.6964,4,7.9532,8.1545,2.8225
2,2,3.3832,3.3869,1.6964,5,10.1189,10.2121,3.7359
2,2,3.4222,3.3899,1.698,1,8.5246,8.8374,2.2698
2,2,3.4222,3.3899,1.698,2,6.2431,6.1914,2.2691
2,2,3.4222,3.3899,1.698,3,7.7335,8.1127,1.9856
2,2,3.4222,3.3899,1.698,4,7.8732,8.1614,2.3917
2,2,3.4222,3.3899,1.698,5,9.9733,10.1889,3.2065
2,3,3.1695,3.1809,2.7328,1,4.6971,4.8857,4.6123
2,3,3.1695,3.1809,2.7328,2,3.4998,3.6641,4.0297
2,3,3.1695,3.1809,2.7328,3,4.721,4.7948,3.3689
2,3,3.1695,3.1809,2.7328,4,4.5709,4.722,4.62
2,3,3.1695,3.1809,2.7328,5,6.4917,6.5832,7.2317
2,3,3.1658,3.1997,2.7976,1,4.7537,4.8028,3.9035
2,3,3.1658,3.1997,2.7976,2,3.6469,3.7237,3.411
2,3,3.1658,3.1997,2.7976,3,4.694,4.6787,3.5161
2,3,3.1658,3.1997,2.7976,4,4.63,4.6893,4.4291
2,3,3.1658,3.1997,2.7976,5,6.5129,6.6206,5.9408
2,3,3.1583,3.1874,2.88,1,4.8794,4.9387,3.7671
2,3,3.1583,3.1874,2.88,2,3.6484,3.715,3.0679
2,3,3.1583,3.1874,2.88,3,4.5784,4.7261,2.727
2,3,3.1583,3.1874,2.88,4,4.6591,4.7405,3.5384
2,3,3.1583,3.1874,2.88,5,6.6892,6.6661,4.0687
2,3,3.1668,3.1681,2.9516,1,4.921,4.9472,4.2417
2,3,3.1668,3.1681,2.9516,2,3.6839,3.7071,3.2693
2,3,3.1668,3.1681,2.9516,3,4.597,4.6184,2.8946
2,3,3.1668,3.1681,2.9516,4,4.6778,4.7502,3.8708
2,3,3.1668,3.1681,2.9516,5,6.7688,6.8548,4.6074
2,3,3.1751,3.1989,2.7401,1,4.8584,5.0533,3.772
2,3,3.1751,3.1989,2.7401,2,3.704,3.8231,3.1234
2,3,3.1751,3.1989,2.7401,3,4.6695,4.5184,3.2978
2,3,3.1751,3.1989,2.7401,4,4.7389,4.7567,4.2909
2,3,3.1751,3.1989,2.7401,5,6.6901,6.8828,5.6105
2,4,2.8277,2.8368,2.6227,1,5.6068,5.4423,5.1867
2,4,2.8277,2.8368,2.6227,2,3.6563,3.6828,3.8916
2,4,2.8277,2.8368,2.6227,3,5.1507,5.0762,4.2201
2,4,2.8277,2.8368,2.6227,4,4.8184,4.7011,4.8018
2,4,2.8277,2.8368,2.6227,5,6.4936,6.3336,5.9844
2,4,2.863,2.7898,2.578,1,5.5145,5.5977,3.9896
2,4,2.863,2.7898,2.578,2,3.6978,3.6965,3.2323
2,4,2.863,2.7898,2.578,3,5.2683,5.1905,3.2865
2,4,2.863,2.7898,2.578,4,4.8224,4.8124,4.2169
2,4,2.863,2.7898,2.578,5,6.3559,6.4682,6.2743
2,4,2.8235,2.8393,2.4755,1,5.6613,5.5283,3.8069
2,4,2.8235,2.8393,2.4755,2,3.6596,3.7034,3.0361
2,4,2.8235,2.8393,2.4755,3,5.1565,5.0061,2.7864
2,4,2.8235,2.8393,2.4755,4,4.9169,4.7011,4.0712
2,4,2.8235,2.8393,2.4755,5,6.6179,6.3907,6.2362
2,4,2.8157,2.8379,2.5432,1,5.584,5.4791,4.1828
2,4,2.8157,2.8379,2.5432,2,3.6129,3.6633,3.4811
2,4,2.8157,2.8379,2.5432,3,5.1373,4.9991,3.3298
2,4,2.8157,2.8379,2.5432,4,4.8164,4.6737,4.313
2,4,2.8157,2.8379,2.5432,5,6.5259,6.3232,6.75
2,4,2.8266,2.8359,2.4766,1,5.5008,5.4282,3.673
2,4,2.8266,2.8359,2.4766,2,3.5213,3.6567,2.8441
2,4,2.8266,2.8359,2.4766,3,5.1675,5.0161,2.9684
2,4,2.8266,2.8359,2.4766,4,4.7573,4.6663,4.0143
2,4,2.8266,2.8359,2.4766,5,6.4562,6.2714,5.6691
2,5,3.2998,3.2981,1.7009,1,6.28,6.0687,3.0805
2,5,3.2998,3.2981,1.7009,2,4.1826,3.9281,2.4155
2,5,3.2998,3.2981,1.7009,3,7.0308,6.8023,2.1723
2,5,3.2998,3.2981,1.7009,4,5.4112,5.234,3.1
2,5,3.2998,3.2981,1.7009,5,6.2772,6.1815,3.8302
2,5,3.2994,3.2858,1.7201,1,6.0717,6.2124,3.1932
2,5,3.2994,3.2858,1.7201,2,3.8941,4.0266,2.5402
2,5,3.2994,3.2858,1.7201,3,6.9192,6.9686,2.1276
2,5,3.2994,3.2858,1.7201,4,5.3082,5.3681,3.2244
2,5,3.2994,3.2858,1.7201,5,6.2486,6.2791,4.2536
2,5,3.2912,3.2904,1.6765,1,6.2343,6.1725,2.9839
2,5,3.2912,3.2904,1.6765,2,4.0244,3.9242,2.2051
2,5,3.2912,3.2904,1.6765,3,6.9142,7.0023,1.9122
2,5,3.2912,3.2904,1.6765,4,5.3229,5.3811,2.7234
2,5,3.2912,3.2904,1.6765,5,6.3819,6.2624,3.0681
2,5,3.2899,3.298,1.7033,1,6.1832,6.2534,2.819
2,5,3.2899,3.298,1.7033,2,3.997,3.9858,2.2861
2,5,3.2899,3.298,1.7033,3,7.0397,6.9509,2.0811
2,5,3.2899,3.298,1.7033,4,5.3826,5.375,2.8577
2,5,3.2899,3.298,1.7033,5,6.3592,6.3057,3.3385
2,5,3.3007,3.3043,1.6645,1,6.4081,6.2035,2.8132
2,5,3.3007,3.3043,1.6645,2,4.2146,4.0203,2.2759
2,5,3.3007,3.3043,1.6645,3,7.2537,7.0015,2.0699
2,5,3.3007,3.3043,1.6645,4,5.5956,5.3465,2.8404
2,5,3.3007,3.3043,1.6645,5,6.5214,6.3168,3.3606
3,1,2.9801,3.0085,1.5034,1,4.5082,4.5043,1.8262
3,1,2.9801,3.0085,1.5034,2,2.9908,2.925,1.6575
3,1,2.9801,3.0085,1.5034,3,5.2066,5.219,1.9315
3,1,2.9801,3.0085,1.5034,4,4.0943,4.2023,1.9423
3,1,2.9801,3.0085,1.5034,5,5.2205,5.5058,1.8694
3,1,3.0561,3.0437,1.5673,1,4.3888,4.5046,1.8405
3,1,3.0561,3.0437,1.5673,2,3.0428,3.0588,1.6902
3,1,3.0561,3.0437,1.5673,3,5.0818,5.4083,1.9106
3,1,3.0561,3.0437,1.5673,4,4.08,4.295,1.9514
3,1,3.0561,3.0437,1.5673,5,5.4121,5.4037,1.8866
3,1,3.0297,3.044,1.5422,1,4.4035,4.4338,1.8294
3,1,3.0297,3.044,1.5422,2,2.8727,2.9801,1.7556
3,1,3.0297,3.044,1.5422,3,5.078,5.2723,1.9445
3,1,3.0297,3.044,1.5422,4,4.1732,4.2358,2.0142
3,1,3.0297,3.044,1.5422,5,5.4737,5.3309,1.9634
3,1,3.0466,3.0557,1.5976,1,4.5829,4.2815,1.9114
3,1,3.0466,3.0557,1.5976,2,3.0499,3.037,1.7871
3,1,3.0466,3.0557,1.5976,3,5.3444,4.957,1.9671
3,1,3.0466,3.0557,1.5976,4,4.311,3.9877,2.0795
3,1,3.0466,3.0557,1.5976,5,5.5131,5.2407,2.0621
3,1,3.0362,3.0439,1.6388,1,4.3421,4.3855,2.0566
3,1,3.0362,3.0439,1.6388,2,2.953,3.0506,1.8415
3,1,3.0362,3.0439,1.6388,3,5.1433,5.1192,2.0942
3,1,3.0362,3.0439,1.6388,4,4.0934,4.1074,2.2074
3,1,3.0362,3.0439,1.6388,5,5.3003,5.3082,2.1827
3,2,3.3957,3.3907,1.808,1,8.7912,8.5137,3.2815
3,2,3.3957,3.3907,1.808,2,6.1585,6.1154,2.6047
3,2,3.3957,3.3907,1.808,3,8.0384,7.5539,2.1878
3,2,3.3957,3.3907,1.808,4,8.0711,7.6708,2.9305
3,2,3.3957,3.3907,1.808,5,10.1293,9.8768,3.3038
3,2,3.3846,3.3822,1.8763,1,8.8903,8.9282,3.0766
3,2,3.3846,3.3822,1.8763,2,6.1344,6.315,2.7161
3,2,3.3846,3.3822,1.8763,3,8.0442,8.0812,2.1511
3,2,3.3846,3.3822,1.8763,4,8.1719,8.1231,2.9169
3,2,3.3846,3.3822,1.8763,5,10.3091,10.222,3.6437
3,2,3.3918,3.3931,1.7368,1,9.0898,8.7676,3.9726
3,2,3.3918,3.3931,1.7368,2,6.3862,6.2996,3.6205
3,2,3.3918,3.3931,1.7368,3,8.2726,7.9101,2.34
3,2,3.3918,3.3931,1.7368,4,8.4237,7.9703,3.8363
3,2,3.3918,3.3931,1.7368,5,10.6118,10.1661,5.2259
3,2,3.3896,3.3859,1.8077,1,8.9854,8.6427,3.9687
3,2,3.3896,3.3859,1.8077,2,6.3182,6.2058,2.7611
3,2,3.3896,3.3859,1.8077,3,8.0607,7.8063,2.6582
3,2,3.3896,3.3859,1.8077,4,8.1114,7.9051,3.4008
3,2,3.3896,3.3859,1.8077,5,10.2361,10.0949,3.4794
3,2,3.2425,3.3882,1.7604,1,8.5335,8.7345,4.5825
3,2,3.2425,3.3882,1.7604,2,6.2528,6.2609,3.6983
3,2,3.2425,3.3882,1.7604,3,7.4856,7.848,2.7285
3,2,3.2425,3.3882,1.7604,4,7.9833,7.9277,4.578
3,2,3.2425,3.3882,1.7604,5,10.0234,10.1066,4.9272
3,3,3.1724,3.1938,2.7798,1,4.9204,4.8409,3.2061
3,3,3.1724,3.1938,2.7798,2,3.6352,3.7437,2.8353
3,3,3.1724,3.1938,2.7798,3,4.8026,4.5521,2.6445
3,3,3.1724,3.1938,2.7798,4,4.7225,4.6335,3.5225
3,3,3.1724,3.1938,2.7798,5,6.8413,6.5916,3.7344
3,3,3.1637,3.1722,2.8268,1,4.8494,4.9734,3.28
3,3,3.1637,3.1722,2.8268,2,3.7652,3.6922,2.8876
3,3,3.1637,3.1722,2.8268,3,4.5171,4.6445,2.5377
3,3,3.1637,3.1722,2.8268,4,4.6327,4.799,3.6597
3,3,3.1637,3.1722,2.8268,5,6.838,6.8167,3.8985
3,3,3.1606,3.1662,2.7846,1,4.9167,4.9952,2.891
3,3,3.1606,3.1662,2.7846,2,3.7026,3.6188,2.9038
3,3,3.1606,3.1662,2.7846,3,4.62,4.7945,2.4845
3,3,3.1606,3.1662,2.7846,4,4.7373,4.8231,3.0911
3,3,3.1606,3.1662,2.7846,5,6.8338,6.765,3.7491
3,3,3.1823,3.1689,2.7397,1,4.4791,4.9837,2.942
3,3,3.1823,3.1689,2.7397,2,3.4844,3.6489,2.746
3,3,3.1823,3.1689,2.7397,3,4.3833,4.6113,2.4888
3,3,3.1823,3.1689,2.7397,4,4.3175,4.7442,3.1801
3,3,3.1823,3.1689,2.7397,5,6.2772,6.755,4.1591
3,3,3.1511,3.1743,2.7807,1,4.9313,4.9644,3.4256
3,3,3.1511,3.1743,2.7807,2,3.6222,3.6681,3.1553
3,3,3.1511,3.1743,2.7807,3,4.7175,4.7049,2.6845
3,3,3.1511,3.1743,2.7807,4,4.7923,4.7677,3.7627
3,3,3.1511,3.1743,2.7807,5,6.8374,6.8409,6.2889
3,4,2.8266,2.8274,2.4911,1,5.5221,5.456,2.6891
3,4,2.8266,2.8274,2.4911,2,3.643,3.5939,2.4179
3,4,2.8266,2.8274,2.4911,3,5.1688,5.0298,2.2491
3,4,2.8266,2.8274,2.4911,4,4.706,4.7226,2.8685
3,4,2.8266,2.8274,2.4911,5,6.3568,6.4345,3.2443
3,4,2.8054,2.7915,2.4853,1,5.4677,5.5998,2.5923
3,4,2.8054,2.7915,2.4853,2,3.601,3.7868,2.4965
3,4,2.8054,2.7915,2.4853,3,4.9897,5.1892,3.1408
3,4,2.8054,2.7915,2.4853,4,4.6286,4.8559,2.76
3,4,2.8054,2.7915,2.4853,5,6.3345,6.4597,2.8987
3,4,2.8185,2.7966,2.4967,1,5.5459,5.6313,3.0916
3,4,2.8185,2.7966,2.4967,2,3.5922,3.814,2.6324
3,4,2.8185,2.7966,2.4967,3,5.0813,5.1183,2.4021
3,4,2.8185,2.7966,2.4967,4,4.7608,4.8061,3.2198
3,4,2.8185,2.7966,2.4967,5,6.4715,6.4637,4.0452
3,4,2.8327,2.8348,2.5427,1,5.3939,5.4802,2.9302
3,4,2.8327,2.8348,2.5427,2,3.5171,3.6605,2.7026
3,4,2.8327,2.8348,2.5427,3,5.0191,5.0601,3.5591
3,4,2.8327,2.8348,2.5427,4,4.7437,4.7279,3.0528
3,4,2.8327,2.8348,2.5427,5,6.4816,6.3822,3.3876
3,4,2.833,2.8083,2.5121,1,5.3757,5.516,2.6287
3,4,2.833,2.8083,2.5121,2,3.5097,3.698,2.431
3,4,2.833,2.8083,2.5121,3,4.9966,5.068,2.9475
3,4,2.833,2.8083,2.5121,4,4.5724,4.7322,2.8014
3,4,2.833,2.8083,2.5121,5,6.2952,6.4374,2.8061
3,5,3.2975,3.3128,1.7668,1,6.0281,6.3023,2.4987
3,5,3.2975,3.3128,1.7668,2,3.9504,3.964,1.947
3,5,3.2975,3.3128,1.7668,3,6.8489,7.2053,2.0372
3,5,3.2975,3.3128,1.7668,4,5.2871,5.5454,2.5358
3,5,3.2975,3.3128,1.7668,5,6.2467,6.4208,2.8869
3,5,3.2777,3.2959,1.7122,1,6.2466,6.1124,2.9159
3,5,3.2777,3.2959,1.7122,2,4.0165,3.8853,2.0103
3,5,3.2777,3.2959,1.7122,3,7.0286,6.8781,2.0061
3,5,3.2777,3.2959,1.7122,4,5.4007,5.2977,2.6178
3,5,3.2777,3.2959,1.7122,5,6.2777,6.2642,2.8252
3,5,3.3,3.3065,1.7716,1,6.3631,6.2044,2.5181
3,5,3.3,3.3065,1.7716,2,4.0292,4.0405,1.8958
3,5,3.3,3.3065,1.7716,3,7.1961,6.9036,1.9743
3,5,3.3,3.3065,1.7716,4,5.624,5.289,2.4467
3,5,3.3,3.3065,1.7716,5,6.6438,6.2031,2.7431
3,5,3.2871,3.2804,1.7243,1,6.1555,6.1921,2.5909
3,5,3.2871,3.2804,1.7243,2,3.9487,3.9343,2.0844
3,5,3.2871,3.2804,1.7243,3,6.9591,7.0251,2.0626
3,5,3.2871,3.2804,1.7243,4,5.3735,5.4001,2.5518
3,5,3.2871,3.2804,1.7243,5,6.3018,6.3227,2.8252
3,5,3.2963,3.2997,1.744,1,6.2223,6.1023,3.0766
3,5,3.2963,3.2997,1.744,2,4.1073,3.95,2.3981
3,5,3.2963,3.2997,1.744,3,7.0309,6.8347,2.0235
3,5,3.2963,3.2997,1.744,4,5.4376,5.244,3.1011
3,5,3.2963,3.2997,1.744,5,6.3572,6.1604,4.2443
4,1,2.9468,3.0432,1.5812,1,4.8102,4.3906,2.8312
4,1,2.9468,3.0432,1.5812,2,3.0376,3.0087,2.192
4,1,2.9468,3.0432,1.5812,3,5.5529,5.1801,2.1274
4,1,2.9468,3.0432,1.5812,4,4.3425,4.1606,3.1182
4,1,2.9468,3.0432,1.5812,5,5.4218,5.3529,4.3521
4,1,2.9696,2.9458,1.5448,1,4.6022,4.5995,2.517
4,1,2.9696,2.9458,1.5448,2,3.1456,3.0474,2.0086
4,1,2.9696,2.9458,1.5448,3,5.2923,5.2659,1.984
4,1,2.9696,2.9458,1.5448,4,4.2049,4.1352,2.8146
4,1,2.9696,2.9458,1.5448,5,5.4064,5.4734,3.667
4,1,2.9782,3.0398,1.5159,1,4.4373,4.3716,2.3129
4,1,2.9782,3.0398,1.5159,2,3.0184,2.9836,1.9418
4,1,2.9782,3.0398,1.5159,3,5.2166,5.1296,1.7451
4,1,2.9782,3.0398,1.5159,4,4.0666,4.1175,2.3966
4,1,2.9782,3.0398,1.5159,5,5.2428,5.2849,2.8701
4,1,3.0465,3.0476,1.5198,1,4.4938,4.3663,2.1755
4,1,3.0465,3.0476,1.5198,2,2.962,3.035,1.8539
4,1,3.0465,3.0476,1.5198,3,5.236,5.0968,1.6946
4,1,3.0465,3.0476,1.5198,4,4.2988,4.1091,2.2186
4,1,3.0465,3.0476,1.5198,5,5.4109,5.3283,3.0503
4,1,2.957,3.0567,1.5047,1,4.5042,4.2618,1.7517
4,1,2.957,3.0567,1.5047,2,3.0327,2.9953,1.6633
4,1,2.957,3.0567,1.5047,3,5.1844,5.011,1.7356
4,1,2.957,3.0567,1.5047,4,4.0329,4.043,1.9188
4,1,2.957,3.0567,1.5047,5,5.3063,5.3014,2.7846
4,2,3.2186,3.3828,1.8252,1,8.5055,8.8782,2.173
4,2,3.2186,3.3828,1.8252,2,6.1677,6.3496,2.1206
4,2,3.2186,3.3828,1.8252,3,7.5545,8.0519,1.7813
4,2,3.2186,3.3828,1.8252,4,7.8097,8.0909,2.0484
4,2,3.2186,3.3828,1.8252,5,9.7936,10.2128,2.5982
4,2,3.2471,3.3829,1.7339,1,8.4986,8.6977,2.7778
4,2,3.2471,3.3829,1.7339,2,6.2593,6.2094,2.4623
4,2,3.2471,3.3829,1.7339,3,7.3538,7.7954,2.5928
4,2,3.2471,3.3829,1.7339,4,7.8287,7.9227,2.615
4,2,3.2471,3.3829,1.7339,5,10.0488,10.1154,3.4511
4,2,3.2343,3.3848,1.8446,1,8.5096,8.8408,4.2513
4,2,3.2343,3.3848,1.8446,2,6.2797,6.3145,3.6527
4,2,3.2343,3.3848,1.8446,3,7.2963,8.0225,2.5755
4,2,3.2343,3.3848,1.8446,4,7.8922,8.0396,3.8574
4,2,3.2343,3.3848,1.8446,5,10.1102,10.169,8.2583
4,2,3.1915,3.385,1.7817,1,8.8719,8.7936,4.6907
4,2,3.1915,3.385,1.7817,2,6.3033,6.2847,3.874
4,2,3.1915,3.385,1.7817,3,7.7347,7.8611,3.4512
4,2,3.1915,3.385,1.7817,4,8.1534,8.0124,4.0158
4,2,3.1915,3.385,1.7817,5,10.3218,10.2212,5.7295
4,2,3.3791,3.3872,1.7751,1,8.9541,8.7393,2.6379
4,2,3.3791,3.3872,1.7751,2,6.3031,6.2434,2.1632
4,2,3.3791,3.3872,1.7751,3,8.0561,7.7391,2.0105
4,2,3.3791,3.3872,1.7751,4,8.1606,7.9212,2.4656
4,2,3.3791,3.3872,1.7751,5,10.2899,10.16,2.4642
4,3,3.1482,3.1997,2.8131,1,5.2348,4.8811,3.0504
4,3,3.1482,3.1997,2.8131,2,3.7894,3.7224,2.8207
4,3,3.1482,3.1997,2.8131,3,4.8516,4.7968,2.7265
4,3,3.1482,3.1997,2.8131,4,5.1758,4.7381,3.1498
4,3,3.1482,3.1997,2.8131,5,7.23,6.627,4.069
4,3,3.1499,3.1821,2.8966,1,5.1993,4.7866,3.129
4,3,3.1499,3.1821,2.8966,2,3.7558,3.5714,3.0655
4,3,3.1499,3.1821,2.8966,3,5.0173,4.5323,2.5931
4,3,3.1499,3.1821,2.8966,4,5.0226,4.6193,3.4883
4,3,3.1499,3.1821,2.8966,5,7.0194,6.5778,3.9457
4,3,3.1647,3.1649,2.7407,1,4.9745,5.0684,5.564
4,3,3.1647,3.1649,2.7407,2,3.6496,3.6735,4.2303
4,3,3.1647,3.1649,2.7407,3,4.7134,4.7655,3.204
4,3,3.1647,3.1649,2.7407,4,4.7444,4.8194,6.0235
4,3,3.1647,3.1649,2.7407,5,6.7918,6.8852,7.4058
4,3,3.0628,3.1741,2.849,1,5.4132,5.0055,4.1718
4,3,3.0628,3.1741,2.849,2,3.5268,3.7569,3.4592
4,3,3.0628,3.1741,2.849,3,5.2478,4.5332,2.942
4,3,3.0628,3.1741,2.849,4,5.2724,4.7155,4.5692
4,3,3.0628,3.1741,2.849,5,7.0466,6.8739,4.4103
4,3,3.1452,3.1788,2.7642,1,4.8527,5.0397,5.0319
4,3,3.1452,3.1788,2.7642,2,3.5701,3.6069,4.1619
4,3,3.1452,3.1788,2.7642,3,4.6438,4.9039,3.1502
4,3,3.1452,3.1788,2.7642,4,4.7354,4.8798,5.5336
4,3,3.1452,3.1788,2.7642,5,6.7321,6.8072,6.9494
4,4,2.7489,2.8378,2.7286,1,5.5534,5.5072,3.7261
4,4,2.7489,2.8378,2.7286,2,3.6829,3.6611,3.4525
4,4,2.7489,2.8378,2.7286,3,5.0247,5.0422,3.6145
4,4,2.7489,2.8378,2.7286,4,4.9699,4.7275,3.9233
4,4,2.7489,2.8378,2.7286,5,6.6802,6.3708,4.7677
4,4,2.7877,2.8389,2.4985,1,5.5949,5.632,2.2736
4,4,2.7877,2.8389,2.4985,2,3.6071,3.6508,2.2258
4,4,2.7877,2.8389,2.4985,3,5.1709,5.1147,2.9949
4,4,2.7877,2.8389,2.4985,4,4.8817,4.7985,2.6163
4,4,2.7877,2.8389,2.4985,5,6.5495,6.5102,2.5813
4,4,2.7841,2.8336,2.5403,1,5.5158,5.4046,3.2493
4,4,2.7841,2.8336,2.5403,2,3.6485,3.6234,2.908
4,4,2.7841,2.8336,2.5403,3,5.1677,5.0039,3.2545
4,4,2.7841,2.8336,2.5403,4,4.7732,4.6608,3.5227
4,4,2.7841,2.8336,2.5403,5,6.3322,6.2856,4.8089
4,4,2.8303,2.8387,2.5378,1,5.549,5.4765,3.9784
4,4,2.8303,2.8387,2.5378,2,3.5874,3.6908,3.4232
4,4,2.8303,2.8387,2.5378,3,5.0955,4.9515,3.3419
4,4,2.8303,2.8387,2.5378,4,4.7914,4.6589,4.2341
4,4,2.8303,2.8387,2.5378,5,6.4927,6.3211,6.0272
4,4,2.7902,2.8217,2.5406,1,5.4413,5.5438,3.6112
4,4,2.7902,2.8217,2.5406,2,3.6902,3.6226,3.3393
4,4,2.7902,2.8217,2.5406,3,5.0629,5.1401,3.5538
4,4,2.7902,2.8217,2.5406,4,4.6338,4.8105,3.9734
4,4,2.7902,2.8217,2.5406,5,6.2726,6.4373,5.6797
4,5,3.2792,3.2952,1.7099,1,5.904,6.1562,2.434
4,5,3.2792,3.2952,1.7099,2,3.8394,4.0225,2.2046
4,5,3.2792,3.2952,1.7099,3,6.7849,6.943,1.7827
4,5,3.2792,3.2952,1.7099,4,5.1185,5.3432,2.4737
4,5,3.2792,3.2952,1.7099,5,6.0372,6.2703,3.0382
4,5,3.2761,3.2881,1.7553,1,6.2015,6.1578,2.973
4,5,3.2761,3.2881,1.7553,2,3.9328,4.0077,2.2637
4,5,3.2761,3.2881,1.7553,3,7.0221,6.9943,2.1014
4,5,3.2761,3.2881,1.7553,4,5.423,5.3625,2.7529
4,5,3.2761,3.2881,1.7553,5,6.2698,6.2413,3.5607
4,5,3.2665,3.2871,1.7586,1,6.3825,5.9872,2.9873
4,5,3.2665,3.2871,1.7586,2,4.1774,3.8345,2.1794
4,5,3.2665,3.2871,1.7586,3,7.3316,6.8287,1.9331
4,5,3.2665,3.2871,1.7586,4,5.5774,5.2621,2.8232
4,5,3.2665,3.2871,1.7586,5,6.3599,6.1826,4.1735
4,5,3.2679,3.2919,1.7368,1,6.2679,6.1608,2.4662
4,5,3.2679,3.2919,1.7368,2,3.9114,4.0219,2.1005
4,5,3.2679,3.2919,1.7368,3,7.0825,6.9441,1.8317
4,5,3.2679,3.2919,1.7368,4,5.5028,5.3642,2.6783
4,5,3.2679,3.2919,1.7368,5,6.4413,6.2592,3.6422
4,5,3.2864,3.309,1.7783,1,6.3476,6.0608,2.5882
4,5,3.2864,3.309,1.7783,2,4.064,3.9637,2.1098
4,5,3.2864,3.309,1.7783,3,7.1343,6.8457,1.804
4,5,3.2864,3.309,1.7783,4,5.5421,5.2711,2.5983
4,5,3.2864,3.309,1.7783,5,6.5227,6.2485,3.1663
5,1,2.9013,2.8864,1.5513,1,4.6722,4.6087,1.3691
5,1,2.9013,2.8864,1.5513,2,3.2788,3.2302,1.6428
5,1,2.9013,2.8864,1.5513,3,5.2138,5.2514,1.9744
5,1,2.9013,2.8864,1.5513,4,4.2663,4.1612,2.167
5,1,2.9013,2.8864,1.5513,5,5.3414,5.4377,3.5536
5,1,2.9089,2.9072,1.6815,1,4.5868,4.6553,3.4153
5,1,2.9089,2.9072,1.6815,2,3.1359,3.1351,2.1729
5,1,2.9089,2.9072,1.6815,3,5.1153,5.3604,2.2919
5,1,2.9089,2.9072,1.6815,4,4.1668,4.166,3.1867
5,1,2.9089,2.9072,1.6815,5,5.4127,5.4507,4.4081
5,1,2.9143,2.8987,1.6185,1,4.6747,4.5269,2.7665
5,1,2.9143,2.8987,1.6185,2,3.1761,3.1238,2.3948
5,1,2.9143,2.8987,1.6185,3,5.2958,5.1747,2.3
5,1,2.9143,2.8987,1.6185,4,4.1724,4.1622,3.2933
5,1,2.9143,2.8987,1.6185,5,5.535,5.4581,4.2257
5,1,2.9043,2.9163,1.6806,1,4.4041,4.6581,2.5302
5,1,2.9043,2.9163,1.6806,2,3.084,3.1981,2.545
5,1,2.9043,2.9163,1.6806,3,4.9711,5.2599,2.3236
5,1,2.9043,2.9163,1.6806,4,3.9982,4.1398,3.2675
5,1,2.9043,2.9163,1.6806,5,5.3099,5.514,6.7524
5,1,2.9126,2.8903,1.7434,1,4.5562,4.4984,3.4354
5,1,2.9126,2.8903,1.7434,2,3.0778,3.4465,2.1783
5,1,2.9126,2.8903,1.7434,3,5.2057,5.1017,2.2544
5,1,2.9126,2.8903,1.7434,4,4.2245,4.091,2.6818
5,1,2.9126,2.8903,1.7434,5,5.4649,5.531,6.1973
5,2,3.1482,3.1322,1.8777,1,9.0096,8.7409,4.706
5,2,3.1482,3.1322,1.8777,2,6.3568,6.3154,3.9787
5,2,3.1482,3.1322,1.8777,3,8.0059,7.4074,2.4046
5,2,3.1482,3.1322,1.8777,4,8.4179,7.7523,4.9557
5,2,3.1482,3.1322,1.8777,5,10.5734,10.1037,6.277
5,2,3.1224,3.1957,1.8729,1,8.7458,8.69,5.7784
5,2,3.1224,3.1957,1.8729,2,6.316,6.2178,4.628
5,2,3.1224,3.1957,1.8729,3,7.5522,7.4796,2.7056
5,2,3.1224,3.1957,1.8729,4,7.9298,7.8611,4.7708
5,2,3.1224,3.1957,1.8729,5,10.1796,10.4177,7.2105
5,2,3.1085,3.0976,1.8897,1,8.9889,8.9463,8.0515
5,2,3.1085,3.0976,1.8897,2,6.4631,6.4071,3.3311
5,2,3.1085,3.0976,1.8897,3,7.7066,8.1494,4.1567
5,2,3.1085,3.0976,1.8897,4,8.2147,8.2408,5.3269
5,2,3.1085,3.0976,1.8897,5,10.5889,10.451,6.3114
5,2,3.1393,3.1728,1.8446,1,8.3446,8.7135,6.3007
5,2,3.1393,3.1728,1.8446,2,6.1792,6.1156,4.9826
5,2,3.1393,3.1728,1.8446,3,7.0295,7.6177,2.8012
5,2,3.1393,3.1728,1.8446,4,7.4878,8.0319,5.0143
5,2,3.1393,3.1728,1.8446,5,9.9699,10.2462,9.3168
5,2,3.0639,3.1142,1.8742,1,9.3082,8.5598,5.1585
5,2,3.0639,3.1142,1.8742,2,6.431,6.2542,3.7267
5,2,3.0639,3.1142,1.8742,3,7.8911,7.1842,3.2983
5,2,3.0639,3.1142,1.8742,4,8.6293,7.7806,4.8968
5,2,3.0639,3.1142,1.8742,5,10.7535,10.1065,8.9699
5,3,3.0575,3.0771,3.0033,1,5.4704,5.2085,3.3747
5,3,3.0575,3.0771,3.0033,2,3.676,3.4868,2.8235
5,3,3.0575,3.0771,3.0033,3,5.184,4.7901,2.6545
5,3,3.0575,3.0771,3.0033,4,5.2756,4.9624,3.2517
5,3,3.0575,3.0771,3.0033,5,7.3565,7.0484,7.9658
5,3,2.9946,3.0742,2.8872,1,5.3361,5.1266,3.7719
5,3,2.9946,3.0742,2.8872,2,3.6336,3.6591,4.0546
5,3,2.9946,3.0742,2.8872,3,4.9818,4.6301,2.3827
5,3,2.9946,3.0742,2.8872,4,5.1625,4.9013,4.5043
5,3,2.9946,3.0742,2.8872,5,7.1009,7.1424,7.7253
5,3,3.0059,3.0937,2.9895,1,5.2873,5.1248,5.6857
5,3,3.0059,3.0937,2.9895,2,3.5606,3.68,4.8725
5,3,3.0059,3.0937,2.9895,3,4.8916,4.9797,2.7569
5,3,3.0059,3.0937,2.9895,4,5.1159,4.8973,6.9532
5,3,3.0059,3.0937,2.9895,5,6.9614,7.0301,9.0616
5,3,3.0064,3.1499,2.8314,1,5.41,5.2579,3.4825
5,3,3.0064,3.1499,2.8314,2,3.7426,3.728,3.147
5,3,3.0064,3.1499,2.8314,3,4.9737,5.0464,2.2896
5,3,3.0064,3.1499,2.8314,4,5.1476,5.0182,4.1895
5,3,3.0064,3.1499,2.8314,5,7.2491,7.0836,5.5392
5,3,3.0625,3.0424,2.9676,1,5.028,5.3848,6.151
5,3,3.0625,3.0424,2.9676,2,3.725,3.7472,4.6459
5,3,3.0625,3.0424,2.9676,3,4.8802,5.0622,3.0099
5,3,3.0625,3.0424,2.9676,4,4.8921,5.1239,6.5529
5,3,3.0625,3.0424,2.9676,5,6.9582,7.3575,12.231
5,4,2.6133,2.7737,2.6258,1,5.8774,5.6469,7.4949
5,4,2.6133,2.7737,2.6258,2,3.8467,3.643,5.8776
5,4,2.6133,2.7737,2.6258,3,5.0007,5.1889,5.7652
5,4,2.6133,2.7737,2.6258,4,4.9563,4.9349,7.9663
5,4,2.6133,2.7737,2.6258,5,6.59,6.5463,9.6547
5,4,2.6571,2.5921,2.8426,1,6.0461,5.9836,15.5223
5,4,2.6571,2.5921,2.8426,2,3.808,3.9403,10.0136
5,4,2.6571,2.5921,2.8426,3,5.4082,5.1306,5.8027
5,4,2.6571,2.5921,2.8426,4,5.2611,5.007,12.9666
5,4,2.6571,2.5921,2.8426,5,6.8099,6.6972,30.4454
5,4,2.7539,2.7781,2.5522,1,5.7496,5.623,6.5114
5,4,2.7539,2.7781,2.5522,2,3.7325,3.7183,5.7001
5,4,2.7539,2.7781,2.5522,3,5.0495,5.1749,4.4112
5,4,2.7539,2.7781,2.5522,4,4.9811,4.9297,6.3158
5,4,2.7539,2.7781,2.5522,5,6.755,6.4905,12.4668
5,4,2.6545,2.78,2.7367,1,5.9295,5.5844,5.2902
5,4,2.6545,2.78,2.7367,2,3.7814,3.8171,4.5057
5,4,2.6545,2.78,2.7367,3,5.4047,4.9444,5.2732
5,4,2.6545,2.78,2.7367,4,5.2204,4.7053,5.9453
5,4,2.6545,2.78,2.7367,5,6.8269,6.5381,10.6992
5,4,2.6862,2.7762,2.6041,1,6.0597,5.6252,5.2128
5,4,2.6862,2.7762,2.6041,2,3.8763,3.8041,4.387
5,4,2.6862,2.7762,2.6041,3,5.2091,5.0318,4.5508
5,4,2.6862,2.7762,2.6041,4,5.25,4.8793,5.6418
5,4,2.6862,2.7762,2.6041,5,6.933,6.4544,9.2323
5,5,3.2305,3.2633,1.8245,1,6.1934,6.4874,2.9576
5,5,3.2305,3.2633,1.8245,2,4.0391,4.2054,2.5593
5,5,3.2305,3.2633,1.8245,3,7.1505,7.4065,1.8891
5,5,3.2305,3.2633,1.8245,4,5.2838,5.5907,2.952
5,5,3.2305,3.2633,1.8245,5,6.2465,6.3998,4.4187
5,5,3.2517,3.2547,1.8525,1,6.2273,6.3188,3.9628
5,5,3.2517,3.2547,1.8525,2,3.9995,4.0289,3.2536
5,5,3.2517,3.2547,1.8525,3,7.1022,7.1991,2.5587
5,5,3.2517,3.2547,1.8525,4,5.3774,5.4429,3.9185
5,5,3.2517,3.2547,1.8525,5,6.2432,6.215,5.3045
5,5,3.2434,3.2424,1.8024,1,6.3188,6.4283,4.7365
5,5,3.2434,3.2424,1.8024,2,4.0375,4.3448,3.6031
5,5,3.2434,3.2424,1.8024,3,7.1013,7.2677,2.9455
5,5,3.2434,3.2424,1.8024,4,5.4534,5.4563,4.6494
5,5,3.2434,3.2424,1.8024,5,6.5419,6.3504,8.7799
5,5,3.2612,3.2404,1.8578,1,6.2187,6.3891,3.5535
5,5,3.2612,3.2404,1.8578,2,3.7258,4.18,3.8685
5,5,3.2612,3.2404,1.8578,3,7.1566,7.2452,3.8977
5,5,3.2612,3.2404,1.8578,4,5.4296,5.4996,4.4294
5,5,3.2612,3.2404,1.8578,5,6.3637,6.2982,7.2675
5,5,3.2668,3.2219,1.7706,1,6.138,6.2921,2.7809
5,5,3.2668,3.2219,1.7706,2,3.8667,4.0884,2.3414
5,5,3.2668,3.2219,1.7706,3,6.985,7.1943,2.0562
5,5,3.2668,3.2219,1.7706,4,5.2947,5.4467,2.6754
5,5,3.2668,3.2219,1.7706,5,6.2587,6.2978,3.9433
