1,1,9.0302,9.0759,3.0611,1,9.4322,9.4212,4.7996
1,1,9.0302,9.0759,3.0611,2,11.0963,12.4472,3.8394
1,1,9.0302,9.0759,3.0611,3,23.1571,25.8582,7.3889
1,1,9.0302,9.0759,3.0611,4,28.663,31.814,6.8487
1,1,9.0302,9.0759,3.0611,5,21.7633,23.2805,6.6667
1,1,8.997,9.0512,3.0572,1,9.0086,9.3845,4.5093
1,1,8.997,9.0512,3.0572,2,10.5103,11.6858,3.6446
1,1,8.997,9.0512,3.0572,3,22.3965,24.5398,6.5891
1,1,8.997,9.0512,3.0572,4,27.3033,30.2694,6.34
1,1,8.997,9.0512,3.0572,5,21.0023,22.9338,6.4134
1,1,9.0301,9.0786,2.9723,1,8.9996,9.3206,4.5597
1,1,9.0301,9.0786,2.9723,2,10.2603,11.417,3.7289
1,1,9.0301,9.0786,2.9723,3,21.3832,24.1413,7.2833
1,1,9.0301,9.0786,2.9723,4,26.4614,29.6793,6.9471
1,1,9.0301,9.0786,2.9723,5,20.4746,22.1473,6.7747
1,1,8.9938,9.0678,3.0283,1,9.2824,9.5363,4.3953
1,1,8.9938,9.0678,3.0283,2,10.1847,11.7793,3.3438
1,1,8.9938,9.0678,3.0283,3,21.8953,24.5718,5.9326
1,1,8.9938,9.0678,3.0283,4,26.4465,30.3096,5.5594
1,1,8.9938,9.0678,3.0283,5,20.9622,22.7639,6.0817
1,1,9.0562,9.0643,3.1083,1,9.4401,9.5412,4.6423
1,1,9.0562,9.0643,3.1083,2,10.215,12.5622,3.6389
1,1,9.0562,9.0643,3.1083,3,21.7181,26.1785,6.4889
1,1,9.0562,9.0643,3.1083,4,26.4401,32.7053,6.1816
1,1,9.0562,9.0643,3.1083,5,20.9842,24.0854,6.3929
1,2,5.9037,5.8644,2.3785,1,12.505,12.1724,6.417
1,2,5.9037,5.8644,2.3785,2,8.4528,8.128,4.7518
1,2,5.9037,5.8644,2.3785,3,18.5804,18.0467,10.3278
1,2,5.9037,5.8644,2.3785,4,20.3859,20.2436,8.918
1,2,5.9037,5.8644,2.3785,5,19.9811,19.5727,8.4199
1,2,5.8724,5.9194,2.352,1,12.2246,11.9782,6.3899
1,2,5.8724,5.9194,2.352,2,8.3419,8.0587,4.7223
1,2,5.8724,5.9194,2.352,3,18.4482,17.8984,10.2951
1,2,5.8724,5.9194,2.352,4,20.2873,19.6254,8.7984
1,2,5.8724,5.9194,2.352,5,19.9344,18.9955,8.372
1,2,5.8604,5.887,2.3614,1,11.9873,11.7103,6.471
1,2,5.8604,5.887,2.3614,2,8.2162,7.9974,4.7285
1,2,5.8604,5.887,2.3614,3,18.2725,17.9472,10.1216
1,2,5.8604,5.887,2.3614,4,20.3646,20.0181,8.5871
1,2,5.8604,5.887,2.3614,5,19.781,19.3916,8.1623
1,2,5.8676,5.9074,2.3864,1,12.2283,11.7231,6.2368
1,2,5.8676,5.9074,2.3864,2,8.1462,8.1672,4.5631
1,2,5.8676,5.9074,2.3864,3,18.0583,18.3111,9.8884
1,2,5.8676,5.9074,2.3864,4,19.9477,20.3255,8.468
1,2,5.8676,5.9074,2.3864,5,19.5535,19.7474,8.0723
1,2,5.9048,5.8761,2.4373,1,12.2598,12.1017,6.3644
1,2,5.9048,5.8761,2.4373,2,8.3826,8.1731,4.7286
1,2,5.9048,5.8761,2.4373,3,18.5271,18.1799,10.3233
1,2,5.9048,5.8761,2.4373,4,20.8315,20.2551,8.881
1,2,5.9048,5.8761,2.4373,5,20.3912,19.5864,8.4401
1,3,5.2039,5.2151,2.5955,1,7.9255,8.3887,3.5751
1,3,5.2039,5.2151,2.5955,2,4.8006,5.0079,2.3484
1,3,5.2039,5.2151,2.5955,3,9.8552,10.2734,4.4474
1,3,5.2039,5.2151,2.5955,4,12.1338,12.9725,3.9053
1,3,5.2039,5.2151,2.5955,5,12.1239,12.752,4.4921
1,3,5.1698,5.2132,2.6353,1,8.3089,8.3499,3.5021
1,3,5.1698,5.2132,2.6353,2,4.8579,4.9571,2.3608
1,3,5.1698,5.2132,2.6353,3,9.8253,10.1586,4.5154
1,3,5.1698,5.2132,2.6353,4,12.1847,12.7838,4.1204
1,3,5.1698,5.2132,2.6353,5,11.9904,12.6069,4.5384
1,3,5.2245,5.2172,2.5615,1,8.1043,8.3826,3.459
1,3,5.2245,5.2172,2.5615,2,5.0429,4.9718,2.3121
1,3,5.2245,5.2172,2.5615,3,10.373,10.0905,4.4111
1,3,5.2245,5.2172,2.5615,4,12.8634,12.5775,3.963
1,3,5.2245,5.2172,2.5615,5,12.745,12.2756,4.4377
1,3,5.2078,5.2295,2.6681,1,8.4975,8.2732,3.5897
1,3,5.2078,5.2295,2.6681,2,4.9656,4.9324,2.3991
1,3,5.2078,5.2295,2.6681,3,9.8211,9.891,4.7802
1,3,5.2078,5.2295,2.6681,4,12.1845,12.3835,4.3443
1,3,5.2078,5.2295,2.6681,5,11.9368,12.2627,4.6265
1,3,5.2011,5.2178,2.6148,1,8.2584,8.3035,3.5164
1,3,5.2011,5.2178,2.6148,2,5.0134,4.9743,2.3677
1,3,5.2011,5.2178,2.6148,3,10.1042,10.1638,4.6344
1,3,5.2011,5.2178,2.6148,4,12.48,12.6552,4.1778
1,3,5.2011,5.2178,2.6148,5,12.4198,12.4876,4.5849
1,4,5.4605,5.47,2.2943,1,10.5082,10.6821,3.9843
1,4,5.4605,5.47,2.2943,2,5.8675,5.861,2.565
1,4,5.4605,5.47,2.2943,3,11.5251,11.6578,5.7374
1,4,5.4605,5.47,2.2943,4,13.6044,13.9946,4.9675
1,4,5.4605,5.47,2.2943,5,15.2106,15.2857,5.6865
1,4,5.4577,5.4831,2.3096,1,10.9774,10.5446,3.9948
1,4,5.4577,5.4831,2.3096,2,6.0878,5.8293,2.5785
1,4,5.4577,5.4831,2.3096,3,11.963,11.5048,5.6846
1,4,5.4577,5.4831,2.3096,4,14.0688,13.944,4.9544
1,4,5.4577,5.4831,2.3096,5,15.7246,15.3878,5.6818
1,4,5.4751,5.4851,2.2314,1,10.4829,10.3117,3.8077
1,4,5.4751,5.4851,2.2314,2,6.0236,5.8288,2.4297
1,4,5.4751,5.4851,2.2314,3,11.8998,11.7026,5.4225
1,4,5.4751,5.4851,2.2314,4,14.0206,14.0191,4.6747
1,4,5.4751,5.4851,2.2314,5,15.658,15.3933,5.4757
1,4,5.4654,5.4911,2.2792,1,10.8574,10.3078,3.7837
1,4,5.4654,5.4911,2.2792,2,6.102,5.7366,2.466
1,4,5.4654,5.4911,2.2792,3,12.08,11.6491,5.3375
1,4,5.4654,5.4911,2.2792,4,14.2179,13.8988,4.6572
1,4,5.4654,5.4911,2.2792,5,15.8758,15.3348,5.4231
1,4,5.4526,5.4929,2.2388,1,10.6562,10.334,3.9302
1,4,5.4526,5.4929,2.2388,2,5.912,5.7152,2.4801
1,4,5.4526,5.4929,2.2388,3,11.6229,11.6524,5.4756
1,4,5.4526,5.4929,2.2388,4,13.6678,13.8972,4.6699
1,4,5.4526,5.4929,2.2388,5,15.2827,15.3572,5.5474
1,5,5.4643,5.4938,3.0396,1,9.6521,10.0536,3.0386
1,5,5.4643,5.4938,3.0396,2,6.5428,6.4839,2.3642
1,5,5.4643,5.4938,3.0396,3,6.2897,6.2539,3.1241
1,5,5.4643,5.4938,3.0396,4,7.0224,7.0816,3.1332
1,5,5.4643,5.4938,3.0396,5,5.8362,5.8629,3.3319
1,5,5.4778,5.5095,3.0972,1,10.1966,10.2071,3.1644
1,5,5.4778,5.5095,3.0972,2,6.7097,6.6152,2.6043
1,5,5.4778,5.5095,3.0972,3,6.2863,6.2907,3.2528
1,5,5.4778,5.5095,3.0972,4,7.1865,7.1046,3.3712
1,5,5.4778,5.5095,3.0972,5,5.956,5.9164,3.3553
1,5,5.4792,5.5003,3.0308,1,9.3395,10.0772,3.1252
1,5,5.4792,5.5003,3.0308,2,6.5096,6.4054,2.5471
1,5,5.4792,5.5003,3.0308,3,6.2535,6.3551,3.2366
1,5,5.4792,5.5003,3.0308,4,6.9156,7.2941,3.2479
1,5,5.4792,5.5003,3.0308,5,5.7215,5.8561,3.3293
1,5,5.5197,5.5389,3.0311,1,9.6584,9.4597,3.0603
1,5,5.5197,5.5389,3.0311,2,6.6702,6.5347,2.4711
1,5,5.5197,5.5389,3.0311,3,6.2765,6.265,3.186
1,5,5.5197,5.5389,3.0311,4,7.03,7.0163,3.2797
1,5,5.5197,5.5389,3.0311,5,5.9427,5.8994,3.299
1,5,5.5028,5.5124,3.0307,1,9.852,10.1883,3.1064
1,5,5.5028,5.5124,3.0307,2,6.7129,6.7279,2.4302
1,5,5.5028,5.5124,3.0307,3,6.1159,6.3065,3.1411
1,5,5.5028,5.5124,3.0307,4,6.8842,7.1045,3.1998
1,5,5.5028,5.5124,3.0307,5,5.7215,5.9505,3.3229
2,1,9.2819,8.9359,2.6462,1,8.28,9.2211,3.8124
2,1,9.2819,8.9359,2.6462,2,8.1646,10.922,3.012
2,1,9.2819,8.9359,2.6462,3,16.7489,22.8194,4.5294
2,1,9.2819,8.9359,2.6462,4,19.9371,28.4675,4.7643
2,1,9.2819,8.9359,2.6462,5,17.6549,22.1609,5.0327
2,1,8.9321,8.9785,2.5495,1,8.9258,9.1984,3.4611
2,1,8.9321,8.9785,2.5495,2,10.4959,10.1193,2.7234
2,1,8.9321,8.9785,2.5495,3,21.9621,21.396,3.7587
2,1,8.9321,8.9785,2.5495,4,26.7231,25.8607,3.9354
2,1,8.9321,8.9785,2.5495,5,20.4668,20.5696,4.8671
2,1,9.2503,8.996,2.6416,1,8.6558,9.4152,3.8201
2,1,9.2503,8.996,2.6416,2,8.0352,11.5016,3.0938
2,1,9.2503,8.996,2.6416,3,16.8985,24.0712,4.5584
2,1,9.2503,8.996,2.6416,4,19.7005,29.5315,4.8969
2,1,9.2503,8.996,2.6416,5,17.7013,22.5951,4.9081
2,1,9.3963,9.001,2.4422,1,8.7651,8.7706,3.3551
2,1,9.3963,9.001,2.4422,2,8.0713,10.146,2.7718
2,1,9.3963,9.001,2.4422,3,16.8428,21.5054,3.9865
2,1,9.3963,9.001,2.4422,4,19.9238,26.0545,4.2302
2,1,9.3963,9.001,2.4422,5,17.6552,20.4024,4.7742
2,1,9.292,8.9449,2.5991,1,8.5325,9.3325,3.7792
2,1,9.292,8.9449,2.5991,2,8.5048,10.4701,3.0543
2,1,9.292,8.9449,2.5991,3,17.2096,21.9969,4.5637
2,1,9.292,8.9449,2.5991,4,20.8251,27.1324,4.8618
2,1,9.292,8.9449,2.5991,5,17.9501,21.545,5.0369
2,2,5.883,5.8756,2.0978,1,12.0416,11.9563,4.4724
2,2,5.883,5.8756,2.0978,2,8.0258,8.2613,3.7737
2,2,5.883,5.8756,2.0978,3,17.8971,18.4664,7.2232
2,2,5.883,5.8756,2.0978,4,19.875,20.6085,7.2552
2,2,5.883,5.8756,2.0978,5,19.4674,19.9646,6.5038
2,2,5.861,5.8839,2.131,1,12.5977,11.9455,4.6059
2,2,5.861,5.8839,2.131,2,8.5709,8.3761,3.6868
2,2,5.861,5.8839,2.131,3,18.8975,18.7625,6.6988
2,2,5.861,5.8839,2.131,4,20.8876,21.0226,6.7105
2,2,5.861,5.8839,2.131,5,20.606,20.3712,6.2939
2,2,5.8022,5.8822,2.195,1,12.2445,12.4466,4.7201
2,2,5.8022,5.8822,2.195,2,8.6215,8.3505,3.6016
2,2,5.8022,5.8822,2.195,3,18.9469,18.4427,6.1913
2,2,5.8022,5.8822,2.195,4,21.0241,20.6829,6.1593
2,2,5.8022,5.8822,2.195,5,20.0103,20.0351,6.4295
2,2,5.8874,5.8964,2.1227,1,11.9756,12.1973,4.4723
2,2,5.8874,5.8964,2.1227,2,8.1995,8.4498,3.3456
2,2,5.8874,5.8964,2.1227,3,18.2157,18.6859,5.6181
2,2,5.8874,5.8964,2.1227,4,20.1804,20.9872,5.6874
2,2,5.8874,5.8964,2.1227,5,19.6981,20.3288,6.0355
2,2,5.8084,5.8295,2.1528,1,11.9627,12.7344,4.248
2,2,5.8084,5.8295,2.1528,2,8.4865,8.2078,3.2964
2,2,5.8084,5.8295,2.1528,3,18.7062,18.106,4.9142
2,2,5.8084,5.8295,2.1528,4,20.5916,20.2899,5.2231
2,2,5.8084,5.8295,2.1528,5,19.7668,19.7486,5.7811
2,3,5.0895,5.1224,2.1651,1,8.1943,8.1966,2.6891
2,3,5.0895,5.1224,2.1651,2,4.8423,4.8889,1.8426
2,3,5.0895,5.1224,2.1651,3,9.9057,9.8301,2.7813
2,3,5.0895,5.1224,2.1651,4,11.9727,11.7524,3.026
2,3,5.0895,5.1224,2.1651,5,11.987,11.6633,3.3431
2,3,5.1699,5.148,2.1825,1,8.292,8.0617,2.6778
2,3,5.1699,5.148,2.1825,2,4.9808,4.7892,1.7504
2,3,5.1699,5.148,2.1825,3,10.0447,9.8297,2.8982
2,3,5.1699,5.148,2.1825,4,12.3443,12.1948,2.9919
2,3,5.1699,5.148,2.1825,5,12.1771,12.2109,3.3629
2,3,5.1199,5.1313,2.039,1,8.1328,8.2524,2.5184
2,3,5.1199,5.1313,2.039,2,4.8602,4.8042,1.6883
2,3,5.1199,5.1313,2.039,3,10.0365,9.849,2.589
2,3,5.1199,5.1313,2.039,4,12.1318,12.2596,2.7472
2,3,5.1199,5.1313,2.039,5,12.1065,12.3408,3.1695
2,3,5.0556,5.1405,2.125,1,8.5041,7.6659,2.5714
2,3,5.0556,5.1405,2.125,2,4.93,4.7734,1.8329
2,3,5.0556,5.1405,2.125,3,10.0281,9.7171,3.0601
2,3,5.0556,5.1405,2.125,4,12.3728,11.4067,3.2891
2,3,5.0556,5.1405,2.125,5,12.2977,11.242,3.3474
2,3,5.1521,5.175,2.0924,1,7.9997,8.1743,2.5117
2,3,5.1521,5.175,2.0924,2,4.8508,4.8539,1.6761
2,3,5.1521,5.175,2.0924,3,9.9471,9.9061,2.9275
2,3,5.1521,5.175,2.0924,4,11.9045,12.2582,3.0379
2,3,5.1521,5.175,2.0924,5,11.9001,12.2448,3.3125
2,4,5.4238,5.4437,1.7776,1,10.2435,10.3801,2.6042
2,4,5.4238,5.4437,1.7776,2,5.7724,5.8199,2.0442
2,4,5.4238,5.4437,1.7776,3,10.9795,11.599,3.069
2,4,5.4238,5.4437,1.7776,4,12.7138,13.6639,3.4922
2,4,5.4238,5.4437,1.7776,5,14.0991,15.0263,3.538
2,4,5.3083,5.4478,1.7223,1,10.6368,10.2009,2.5836
2,4,5.3083,5.4478,1.7223,2,5.9294,5.8821,1.991
2,4,5.3083,5.4478,1.7223,3,11.6756,11.5173,3.0206
2,4,5.3083,5.4478,1.7223,4,13.5664,13.3874,3.396
2,4,5.3083,5.4478,1.7223,5,14.8671,14.733,3.6721
2,4,5.3732,5.4615,1.6207,1,10.4177,10.5722,2.4436
2,4,5.3732,5.4615,1.6207,2,5.9576,5.8859,1.8828
2,4,5.3732,5.4615,1.6207,3,11.9171,11.7438,2.7622
2,4,5.3732,5.4615,1.6207,4,13.8681,14.0589,3.1525
2,4,5.3732,5.4615,1.6207,5,15.2162,15.3571,3.333
2,4,5.375,5.437,1.6265,1,10.303,10.5657,2.4178
2,4,5.375,5.437,1.6265,2,5.8148,5.9704,1.9195
2,4,5.375,5.437,1.6265,3,11.5611,11.7145,3.0065
2,4,5.375,5.437,1.6265,4,13.5232,13.9811,3.411
2,4,5.375,5.437,1.6265,5,14.8347,15.3603,3.4751
2,4,5.3147,5.4513,1.736,1,10.4432,10.384,2.5193
2,4,5.3147,5.4513,1.736,2,5.791,5.8868,2.0168
2,4,5.3147,5.4513,1.736,3,11.5506,11.6276,3.1155
2,4,5.3147,5.4513,1.736,4,13.4625,13.7407,3.5388
2,4,5.3147,5.4513,1.736,5,14.749,15.1083,3.6406
2,5,5.4685,5.3593,2.5049,1,10.2232,9.7171,2.7116
2,5,5.4685,5.3593,2.5049,2,6.5536,6.3525,1.7638
2,5,5.4685,5.3593,2.5049,3,6.2379,6.137,2.3286
2,5,5.4685,5.3593,2.5049,4,6.9795,6.9889,2.3496
2,5,5.4685,5.3593,2.5049,5,5.8901,5.8681,2.6185
2,5,5.2544,5.4399,2.5159,1,9.8521,11.1179,2.7595
2,5,5.2544,5.4399,2.5159,2,6.5591,6.8282,1.7431
2,5,5.2544,5.4399,2.5159,3,6.2228,6.2716,2.3665
2,5,5.2544,5.4399,2.5159,4,7.3273,6.8911,2.4024
2,5,5.2544,5.4399,2.5159,5,6.0958,5.8354,2.6178
2,5,5.2382,5.4505,2.3742,1,9.6089,10.0759,2.5832
2,5,5.2382,5.4505,2.3742,2,6.4927,6.3098,1.7749
2,5,5.2382,5.4505,2.3742,3,6.2533,6.0945,2.2479
2,5,5.2382,5.4505,2.3742,4,7.175,6.8769,2.1361
2,5,5.2382,5.4505,2.3742,5,5.9251,5.7432,2.6672
2,5,5.4745,5.47,2.3803,1,9.9221,9.9939,2.6249
2,5,5.4745,5.47,2.3803,2,6.4751,6.4526,1.6754
2,5,5.4745,5.47,2.3803,3,6.2282,6.1537,2.1704
2,5,5.4745,5.47,2.3803,4,6.9845,7.0163,2.2455
2,5,5.4745,5.47,2.3803,5,5.9272,5.8893,2.4955
2,5,5.4662,5.2067,2.5896,1,9.9616,10.794,2.7174
2,5,5.4662,5.2067,2.5896,2,6.6265,6.6933,1.7792
2,5,5.4662,5.2067,2.5896,3,6.2793,6.1501,2.4539
2,5,5.4662,5.2067,2.5896,4,6.9606,6.9329,2.3758
2,5,5.4662,5.2067,2.5896,5,5.8026,5.8181,2.7729
3,1,9.0106,8.8762,2.7079,1,8.3955,8.7558,4.2636
3,1,9.0106,8.8762,2.7079,2,9.9831,10.0882,3.7183
3,1,9.0106,8.8762,2.7079,3,20.844,21.5496,5.7245
3,1,9.0106,8.8762,2.7079,4,25.5852,26.2541,6.428
3,1,9.0106,8.8762,2.7079,5,19.3127,20.5076,6.9175
3,1,8.8978,8.8724,2.62,1,8.8335,8.7232,3.475
3,1,8.8978,8.8724,2.62,2,10.4376,9.9291,3.1037
3,1,8.8978,8.8724,2.62,3,21.7049,21.0962,4.0115
3,1,8.8978,8.8724,2.62,4,26.5309,25.7553,4.6685
3,1,8.8978,8.8724,2.62,5,20.5257,20.3252,5.7593
3,1,8.924,8.8856,2.6055,1,8.355,8.9888,3.6054
3,1,8.924,8.8856,2.6055,2,8.9917,10.3473,3.1859
3,1,8.924,8.8856,2.6055,3,19.0825,21.8536,4.3227
3,1,8.924,8.8856,2.6055,4,23.2931,26.7623,5.3185
3,1,8.924,8.8856,2.6055,5,18.5236,21.0845,6.1686
3,1,8.9025,8.9224,2.6534,1,8.8305,9.182,3.0687
3,1,8.9025,8.9224,2.6534,2,9.4168,9.909,2.4379
3,1,8.9025,8.9224,2.6534,3,20.0162,21.1164,3.1626
3,1,8.9025,8.9224,2.6534,4,24.554,25.464,3.2185
3,1,8.9025,8.9224,2.6534,5,19.8785,20.541,4.6108
3,1,8.8664,8.8626,2.6075,1,9.0454,8.7762,3.512
3,1,8.8664,8.8626,2.6075,2,10.134,10.8868,3.1358
3,1,8.8664,8.8626,2.6075,3,21.3073,22.5662,4.5985
3,1,8.8664,8.8626,2.6075,4,25.8533,28.3359,5.3575
3,1,8.8664,8.8626,2.6075,5,20.5182,21.7638,5.9227
3,2,5.8183,5.917,2.1874,1,12.2097,12.1456,4.4052
3,2,5.8183,5.917,2.1874,2,8.4439,7.9334,2.6037
3,2,5.8183,5.917,2.1874,3,18.7205,17.598,3.7264
3,2,5.8183,5.917,2.1874,4,20.9702,19.5296,3.8109
3,2,5.8183,5.917,2.1874,5,20.3971,18.8315,5.7691
3,2,5.8844,5.8694,2.1255,1,12.2693,12.119,4.8929
3,2,5.8844,5.8694,2.1255,2,8.3656,8.2346,2.9505
3,2,5.8844,5.8694,2.1255,3,18.5123,18.2984,4.3669
3,2,5.8844,5.8694,2.1255,4,20.2916,20.3775,4.5237
3,2,5.8844,5.8694,2.1255,5,19.9278,19.7575,6.3014
3,2,5.8842,5.8974,2.0749,1,12.4427,11.8482,3.9557
3,2,5.8842,5.8974,2.0749,2,8.5084,8.0919,2.4822
3,2,5.8842,5.8974,2.0749,3,18.7397,18.1259,3.4457
3,2,5.8842,5.8974,2.0749,4,20.7858,20.2722,3.5764
3,2,5.8842,5.8974,2.0749,5,20.2787,19.6269,4.9791
3,2,5.7844,5.8641,2.1333,1,12.5755,12.0787,7.86
3,2,5.7844,5.8641,2.1333,2,8.4322,8.2464,3.9391
3,2,5.7844,5.8641,2.1333,3,18.2957,18.4212,9.1438
3,2,5.7844,5.8641,2.1333,4,20.07,20.6825,9.6444
3,2,5.7844,5.8641,2.1333,5,19.2275,19.9637,11.5399
3,2,5.7078,5.889,2.1467,1,12.8355,12.1445,4.7127
3,2,5.7078,5.889,2.1467,2,8.758,8.4407,2.9737
3,2,5.7078,5.889,2.1467,3,18.4006,18.6439,4.4684
3,2,5.7078,5.889,2.1467,4,20.3712,20.7648,4.257
3,2,5.7078,5.889,2.1467,5,19.5323,20.1615,5.8511
3,3,5.1195,5.1409,2.2403,1,8.5851,8.1462,3.0254
3,3,5.1195,5.1409,2.2403,2,5.0007,5.059,2.0181
3,3,5.1195,5.1409,2.2403,3,9.9874,10.4642,3.3318
3,3,5.1195,5.1409,2.2403,4,12.2705,12.7606,3.5894
3,3,5.1195,5.1409,2.2403,5,12.2336,12.7576,4.44
3,3,5.0824,5.161,2.2029,1,8.3997,8.7342,2.3508
3,3,5.0824,5.161,2.2029,2,4.9314,5.2862,1.8226
3,3,5.0824,5.161,2.2029,3,9.6914,10.404,2.1317
3,3,5.0824,5.161,2.2029,4,12.0534,12.7987,2.3155
3,3,5.0824,5.161,2.2029,5,12.1718,12.7281,2.8638
3,3,5.0892,5.1169,2.287,1,8.8271,7.9903,3.1754
3,3,5.0892,5.1169,2.287,2,5.0242,4.7958,1.9224
3,3,5.0892,5.1169,2.287,3,9.7786,9.8423,3.2092
3,3,5.0892,5.1169,2.287,4,12.0518,11.9095,3.4232
3,3,5.0892,5.1169,2.287,5,12.002,11.9818,3.9133
3,3,5.1403,5.1167,2.2027,1,8.4267,8.2135,2.4232
3,3,5.1403,5.1167,2.2027,2,5.0728,5.1107,1.9006
3,3,5.1403,5.1167,2.2027,3,10.2278,10.2453,2.2043
3,3,5.1403,5.1167,2.2027,4,12.638,12.5095,2.4
3,3,5.1403,5.1167,2.2027,5,12.5025,12.4559,2.941
3,3,5.0436,5.1185,2.1504,1,8.6799,7.8537,2.6118
3,3,5.0436,5.1185,2.1504,2,5.0688,4.8473,1.5795
3,3,5.0436,5.1185,2.1504,3,10.0367,9.9928,2.7713
3,3,5.0436,5.1185,2.1504,4,12.4444,11.9708,2.9447
3,3,5.0436,5.1185,2.1504,5,12.2248,11.838,3.7384
3,4,5.3837,5.3095,1.7534,1,10.7725,10.2153,2.8086
3,4,5.3837,5.3095,1.7534,2,6.0527,5.6703,1.9338
3,4,5.3837,5.3095,1.7534,3,11.8984,11.707,3.5366
3,4,5.3837,5.3095,1.7534,4,14.0145,13.6881,3.9081
3,4,5.3837,5.3095,1.7534,5,15.3844,15.0246,4.1513
3,4,5.3926,5.447,1.7023,1,10.266,10.8755,2.8289
3,4,5.3926,5.447,1.7023,2,5.8926,5.9758,1.8921
3,4,5.3926,5.447,1.7023,3,11.7379,11.566,3.6512
3,4,5.3926,5.447,1.7023,4,13.7969,13.8247,3.943
3,4,5.3926,5.447,1.7023,5,15.1019,15.1992,4.3253
3,4,5.4164,5.3927,1.693,1,10.5129,10.3487,2.6292
3,4,5.4164,5.3927,1.693,2,5.9918,5.964,1.8873
3,4,5.4164,5.3927,1.693,3,11.7881,12.0063,2.7275
3,4,5.4164,5.3927,1.693,4,13.74,14.2118,3.2049
3,4,5.4164,5.3927,1.693,5,15.1036,15.4975,4.6696
3,4,5.378,5.3142,1.7821,1,10.3446,10.6944,3.132
3,4,5.378,5.3142,1.7821,2,5.9139,5.8326,1.9445
3,4,5.378,5.3142,1.7821,3,11.7707,11.6178,3.4664
3,4,5.378,5.3142,1.7821,4,13.7411,13.3601,3.8162
3,4,5.378,5.3142,1.7821,5,14.9311,14.7393,4.3821
3,4,5.4788,5.3025,1.6374,1,10.5699,10.6195,2.7841
3,4,5.4788,5.3025,1.6374,2,5.8579,5.7836,1.8177
3,4,5.4788,5.3025,1.6374,3,11.6091,11.5056,3.5065
3,4,5.4788,5.3025,1.6374,4,13.4065,13.2536,3.7887
3,4,5.4788,5.3025,1.6374,5,15.0045,14.6251,4.2703
3,5,5.2725,5.082,2.3938,1,9.8824,10.3923,2.3049
3,5,5.2725,5.082,2.3938,2,6.5905,6.7128,1.5689
3,5,5.2725,5.082,2.3938,3,6.4549,6.2012,1.8847
3,5,5.2725,5.082,2.3938,4,7.0187,7.2259,1.8516
3,5,5.2725,5.082,2.3938,5,5.8019,6.245,2.4271
3,5,5.3554,5.0316,2.5887,1,9.7396,9.6908,2.613
3,5,5.3554,5.0316,2.5887,2,6.5669,6.4584,1.6219
3,5,5.3554,5.0316,2.5887,3,6.3311,6.0236,2.0868
3,5,5.3554,5.0316,2.5887,4,7.0178,7.1065,1.9506
3,5,5.3554,5.0316,2.5887,5,5.6863,6.0691,2.668
3,5,5.0914,5.0469,2.4319,1,10.1397,10.6425,2.0333
3,5,5.0914,5.0469,2.4319,2,6.7906,6.7828,1.3119
3,5,5.0914,5.0469,2.4319,3,6.2299,6.1607,1.7017
3,5,5.0914,5.0469,2.4319,4,7.3032,7.1912,1.5408
3,5,5.0914,5.0469,2.4319,5,6.3235,6.1476,2.4006
3,5,5.2528,5.0737,2.4818,1,10.5058,10.5688,2.4146
3,5,5.2528,5.0737,2.4818,2,6.6873,6.8992,1.6756
3,5,5.2528,5.0737,2.4818,3,6.1828,6.2169,2.2356
3,5,5.2528,5.0737,2.4818,4,7.0546,7.1092,2.0736
3,5,5.2528,5.0737,2.4818,5,6.01,6.0636,2.6321
3,5,5.199,5.0698,2.48,1,10.0277,10.2928,2.5541
3,5,5.199,5.0698,2.48,2,6.5415,6.8388,1.3133
3,5,5.199,5.0698,2.48,3,6.1915,6.2342,1.9846
3,5,5.199,5.0698,2.48,4,7.2849,7.0062,1.8963
3,5,5.199,5.0698,2.48,5,5.9587,5.9884,2.9285
4,1,8.8348,8.8816,2.6981,1,8.7509,8.8624,3.0988
4,1,8.8348,8.8816,2.6981,2,11.3215,10.3755,2.866
4,1,8.8348,8.8816,2.6981,3,23.7699,22.1806,3.3873
4,1,8.8348,8.8816,2.6981,4,29.6748,27.2697,4.6733
4,1,8.8348,8.8816,2.6981,5,21.5218,20.9933,5.1671
4,1,8.8966,8.932,2.5942,1,8.5385,8.7989,4.585
4,1,8.8966,8.932,2.5942,2,10.6889,11.0474,4.609
4,1,8.8966,8.932,2.5942,3,22.2264,23.1064,9.1146
4,1,8.8966,8.932,2.5942,4,28.2688,28.4589,10.3518
4,1,8.8966,8.932,2.5942,5,21.3431,21.4136,10.7435
4,1,8.9131,8.8988,2.8289,1,8.8746,8.9528,5.0471
4,1,8.9131,8.8988,2.8289,2,10.443,9.5031,4.2538
4,1,8.9131,8.8988,2.8289,3,21.9102,20.4491,7.0381
4,1,8.9131,8.8988,2.8289,4,26.7327,24.7873,7.86
4,1,8.9131,8.8988,2.8289,5,20.4968,19.9098,9.0049
4,1,8.8726,8.8883,2.6236,1,8.6106,8.7256,3.5619
4,1,8.8726,8.8883,2.6236,2,10.6935,10.2743,2.878
4,1,8.8726,8.8883,2.6236,3,22.4903,21.9133,4.2456
4,1,8.8726,8.8883,2.6236,4,28.0378,27.0308,5.0202
4,1,8.8726,8.8883,2.6236,5,20.7707,20.4982,5.6246
4,1,8.844,8.8944,2.5739,1,8.379,8.8863,3.5256
4,1,8.844,8.8944,2.5739,2,10.7227,10.25,2.9851
4,1,8.844,8.8944,2.5739,3,22.5115,21.5099,4.1085
4,1,8.844,8.8944,2.5739,4,28.3295,26.3729,4.7072
4,1,8.844,8.8944,2.5739,5,21.533,20.6664,5.8417
4,2,5.8238,5.8859,2.2028,1,12.7952,11.958,4.4762
4,2,5.8238,5.8859,2.2028,2,8.7571,8.2757,2.7319
4,2,5.8238,5.8859,2.2028,3,18.8915,18.46,4.3321
4,2,5.8238,5.8859,2.2028,4,21.1835,20.6479,4.1242
4,2,5.8238,5.8859,2.2028,5,20.46,19.8973,6.0329
4,2,5.7067,5.7735,2.2304,1,12.4939,12.2413,3.1084
4,2,5.7067,5.7735,2.2304,2,8.2774,8.1691,2.4922
4,2,5.7067,5.7735,2.2304,3,18.0643,18.1891,5.9197
4,2,5.7067,5.7735,2.2304,4,19.8826,20.0718,5.6033
4,2,5.7067,5.7735,2.2304,5,18.9471,19.1826,6.1366
4,2,5.7529,5.8128,2.3093,1,12.118,12.0907,5.0529
4,2,5.7529,5.8128,2.3093,2,8.0809,8.448,3.3575
4,2,5.7529,5.8128,2.3093,3,18.0666,18.6335,7.3621
4,2,5.7529,5.8128,2.3093,4,19.9032,20.9809,6.9805
4,2,5.7529,5.8128,2.3093,5,19.2084,20.5344,7.8842
4,2,5.7156,5.7527,2.2091,1,12.3363,12.1092,6.2361
4,2,5.7156,5.7527,2.2091,2,7.9037,8.1333,3.704
4,2,5.7156,5.7527,2.2091,3,17.3081,18.1579,9.5239
4,2,5.7156,5.7527,2.2091,4,19.115,20.1494,9.7937
4,2,5.7156,5.7527,2.2091,5,18.3675,19.2829,9.9607
4,2,5.6983,5.7931,2.1699,1,13.0957,12.2207,5.1624
4,2,5.6983,5.7931,2.1699,2,8.6509,8.2085,3.1043
4,2,5.6983,5.7931,2.1699,3,18.4526,18.1738,7.2252
4,2,5.6983,5.7931,2.1699,4,20.5919,19.8207,6.4199
4,2,5.6983,5.7931,2.1699,5,19.652,18.949,8.9355
4,3,5.0163,5.1006,2.2257,1,8.812,8.0301,2.801
4,3,5.0163,5.1006,2.2257,2,5.0252,4.7724,1.7667
4,3,5.0163,5.1006,2.2257,3,10.0958,9.7844,2.2064
4,3,5.0163,5.1006,2.2257,4,12.3612,11.7366,2.3605
4,3,5.0163,5.1006,2.2257,5,12.3338,11.7847,3.1025
4,3,5.0376,5.1265,2.2612,1,8.3628,8.2872,2.7916
4,3,5.0376,5.1265,2.2612,2,4.7857,4.9618,1.9753
4,3,5.0376,5.1265,2.2612,3,9.4254,9.8482,2.8073
4,3,5.0376,5.1265,2.2612,4,11.2907,11.8891,3.2778
4,3,5.0376,5.1265,2.2612,5,10.9773,11.8547,4.2275
4,3,5.0184,5.0997,2.2553,1,8.671,8.0434,3.3068
4,3,5.0184,5.0997,2.2553,2,4.9745,4.7933,1.8556
4,3,5.0184,5.0997,2.2553,3,9.6503,9.8165,2.4143
4,3,5.0184,5.0997,2.2553,4,11.9564,11.954,2.4806
4,3,5.0184,5.0997,2.2553,5,11.8426,11.9247,4.0376
4,3,5.0223,5.1249,2.1853,1,8.7987,7.94,2.6011
4,3,5.0223,5.1249,2.1853,2,5.1209,4.7951,1.8782
4,3,5.0223,5.1249,2.1853,3,10.1181,9.8725,1.9706
4,3,5.0223,5.1249,2.1853,4,12.461,12.0063,2.1458
4,3,5.0223,5.1249,2.1853,5,12.329,12.1406,3.1329
4,3,5.0486,5.1649,2.1917,1,8.5478,8.3731,2.8777
4,3,5.0486,5.1649,2.1917,2,4.9603,5.2667,1.7753
4,3,5.0486,5.1649,2.1917,3,10.1466,10.7138,2.752
4,3,5.0486,5.1649,2.1917,4,12.4442,13.1003,3.0227
4,3,5.0486,5.1649,2.1917,5,12.4858,13.0341,4.1375
4,4,5.3015,5.307,1.7764,1,10.9628,10.5063,2.8029
4,4,5.3015,5.307,1.7764,2,5.9314,5.8406,1.9913
4,4,5.3015,5.307,1.7764,3,11.7849,11.5626,2.7168
4,4,5.3015,5.307,1.7764,4,13.5985,13.3814,3.333
4,4,5.3015,5.307,1.7764,5,15.1614,14.7646,3.7309
4,4,5.3041,5.369,1.7087,1,10.4562,10.9924,3.3832
4,4,5.3041,5.369,1.7087,2,5.7917,5.9357,1.9284
4,4,5.3041,5.369,1.7087,3,11.654,11.6939,3.0143
4,4,5.3041,5.369,1.7087,4,13.474,13.6453,3.7487
4,4,5.3041,5.369,1.7087,5,14.7859,15.0197,4.4661
4,4,5.3358,5.3151,1.76,1,10.5658,10.1912,3.2148
4,4,5.3358,5.3151,1.76,2,5.7706,5.7906,2.1256
4,4,5.3358,5.3151,1.76,3,11.3546,11.5528,3.4504
4,4,5.3358,5.3151,1.76,4,13.5625,13.4003,3.9899
4,4,5.3358,5.3151,1.76,5,14.9677,14.9522,4.9568
4,4,5.3052,5.3063,1.7002,1,10.7177,10.8382,2.4987
4,4,5.3052,5.3063,1.7002,2,5.9627,5.8477,1.7748
4,4,5.3052,5.3063,1.7002,3,11.9283,11.6297,2.4782
4,4,5.3052,5.3063,1.7002,4,14.0093,13.6395,3.1673
4,4,5.3052,5.3063,1.7002,5,15.2793,15.1009,3.7314
4,4,5.3161,5.3155,1.7748,1,10.3225,10.3477,3.2518
4,4,5.3161,5.3155,1.7748,2,5.8382,5.7914,1.9131
4,4,5.3161,5.3155,1.7748,3,11.5784,11.6188,2.8442
4,4,5.3161,5.3155,1.7748,4,13.7122,13.4835,3.487
4,4,5.3161,5.3155,1.7748,5,15.0913,14.9298,4.9645
4,5,5.1513,5.0569,2.4921,1,10.5214,9.9876,2.8717
4,5,5.1513,5.0569,2.4921,2,6.6133,6.5421,1.7632
4,5,5.1513,5.0569,2.4921,3,6.1346,6.2313,2.3264
4,5,5.1513,5.0569,2.4921,4,7.1348,7.0551,2.1999
4,5,5.1513,5.0569,2.4921,5,6.0486,5.7657,2.7172
4,5,5.0452,5.033,2.5277,1,10.0615,9.4976,2.3627
4,5,5.0452,5.033,2.5277,2,6.5466,6.3497,1.6866
4,5,5.0452,5.033,2.5277,3,6.0805,6.0611,1.973
4,5,5.0452,5.033,2.5277,4,7.052,6.9786,2.0613
4,5,5.0452,5.033,2.5277,5,6.143,5.9305,2.6678
4,5,5.0911,5.0267,2.5012,1,9.6153,10.2078,2.8256
4,5,5.0911,5.0267,2.5012,2,6.3157,6.5695,1.6782
4,5,5.0911,5.0267,2.5012,3,6.0491,6.1651,2.151
4,5,5.0911,5.0267,2.5012,4,6.8842,7.1586,2.0808
4,5,5.0911,5.0267,2.5012,5,5.8762,6.1034,2.76
4,5,5.0372,5.0444,2.4569,1,10.0021,9.5967,2.0559
4,5,5.0372,5.0444,2.4569,2,6.4977,6.5344,1.5805
4,5,5.0372,5.0444,2.4569,3,6.1142,6.2172,2.0782
4,5,5.0372,5.0444,2.4569,4,7.152,7.1763,1.9147
4,5,5.0372,5.0444,2.4569,5,6.0522,5.9167,2.5777
4,5,5.0639,5.0839,2.5262,1,9.9492,10.7193,2.2823
4,5,5.0639,5.0839,2.5262,2,6.426,7.0233,1.3735
4,5,5.0639,5.0839,2.5262,3,5.953,6.3294,1.787
4,5,5.0639,5.0839,2.5262,4,6.9314,7.4803,1.7758
4,5,5.0639,5.0839,2.5262,5,5.9741,6.669,2.6804
5,1,8.5471,8.5322,2.6781,1,8.789,8.7096,4.8988
5,1,8.5471,8.5322,2.6781,2,11.4673,10.1401,4.1717
5,1,8.5471,8.5322,2.6781,3,24.4387,22.2424,6.2762
5,1,8.5471,8.5322,2.6781,4,31.36,27.7204,7.3613
5,1,8.5471,8.5322,2.6781,5,23.3137,23.3115,8.3799
5,1,8.5456,8.7453,2.6854,1,8.7134,8.6923,4.1508
5,1,8.5456,8.7453,2.6854,2,11.2524,11.6272,3.054
5,1,8.5456,8.7453,2.6854,3,23.932,24.0321,3.6225
5,1,8.5456,8.7453,2.6854,4,29.8676,30.0188,4.9651
5,1,8.5456,8.7453,2.6854,5,22.3667,23.4368,7.0786
5,1,8.7133,8.6642,2.7382,1,8.9305,8.9335,5.0591
5,1,8.7133,8.6642,2.7382,2,15.547,12.2607,4.059
5,1,8.7133,8.6642,2.7382,3,31.9748,25.6198,5.7055
5,1,8.7133,8.6642,2.7382,4,43.1144,32.5225,6.9211
5,1,8.7133,8.6642,2.7382,5,26.1968,23.7772,7.2007
5,1,8.5252,8.6877,2.8699,1,8.6613,8.821,4.9133
5,1,8.5252,8.6877,2.8699,2,12.9411,9.5525,4.3352
5,1,8.5252,8.6877,2.8699,3,27.301,20.4893,6.4291
5,1,8.5252,8.6877,2.8699,4,36.1059,24.0596,8.1499
5,1,8.5252,8.6877,2.8699,5,24.3308,20.5763,9.6301
5,1,8.6398,8.7358,2.8554,1,8.2441,8.6706,4.0333
5,1,8.6398,8.7358,2.8554,2,12.2699,10.4756,3.8774
5,1,8.6398,8.7358,2.8554,3,25.9475,22.3007,4.2754
5,1,8.6398,8.7358,2.8554,4,34.1665,27.2832,5.369
5,1,8.6398,8.7358,2.8554,5,22.2115,21.5423,6.6651
5,2,5.654,5.66,2.4752,1,12.968,12.4661,12.2163
5,2,5.654,5.66,2.4752,2,8.6866,8.7338,5.4487
5,2,5.654,5.66,2.4752,3,18.6318,18.1835,25.0686
5,2,5.654,5.66,2.4752,4,20.7305,20.3585,17.6014
5,2,5.654,5.66,2.4752,5,19.6008,19.5745,20.3904
5,2,5.6098,5.6549,2.5355,1,13.3285,12.3695,4.378
5,2,5.6098,5.6549,2.5355,2,8.5898,8.1526,2.9454
5,2,5.6098,5.6549,2.5355,3,18.3559,17.8076,5.5071
5,2,5.6098,5.6549,2.5355,4,20.0356,19.6484,5.5879
5,2,5.6098,5.6549,2.5355,5,19.866,18.9169,6.7197
5,2,5.6029,5.6473,2.2109,1,12.7046,12.5356,4.4004
5,2,5.6029,5.6473,2.2109,2,8.3163,8.5597,3.2356
5,2,5.6029,5.6473,2.2109,3,17.8599,18.1448,9.3517
5,2,5.6029,5.6473,2.2109,4,19.7678,20.0841,7.7814
5,2,5.6029,5.6473,2.2109,5,19.1242,18.8962,7.2115
5,2,5.5888,5.6474,2.2352,1,12.8043,12.6061,4.7482
5,2,5.5888,5.6474,2.2352,2,8.1736,8.5326,3.9472
5,2,5.5888,5.6474,2.2352,3,17.7312,17.7474,7.0661
5,2,5.5888,5.6474,2.2352,4,19.7388,19.3335,7.4144
5,2,5.5888,5.6474,2.2352,5,19.0462,18.5788,6.3207
5,2,5.6508,5.6328,2.1856,1,12.8723,12.6627,10.7584
5,2,5.6508,5.6328,2.1856,2,8.544,8.6229,4.6093
5,2,5.6508,5.6328,2.1856,3,18.327,18.0777,8.7413
5,2,5.6508,5.6328,2.1856,4,20.1407,20.18,8.2419
5,2,5.6508,5.6328,2.1856,5,19.3398,19.2938,14.909
5,3,4.9372,5.0612,2.2507,1,8.461,8.6152,4.169
5,3,4.9372,5.0612,2.2507,2,4.9956,5.0742,1.9264
5,3,4.9372,5.0612,2.2507,3,9.8655,10.6306,2.5953
5,3,4.9372,5.0612,2.2507,4,12.2445,12.8714,2.816
5,3,4.9372,5.0612,2.2507,5,11.9103,12.6343,5.6419
5,3,4.9484,5.0082,2.3015,1,8.5877,8.4454,2.8471
5,3,4.9484,5.0082,2.3015,2,5.084,4.9534,2.0028
5,3,4.9484,5.0082,2.3015,3,9.8857,10.0249,3.0345
5,3,4.9484,5.0082,2.3015,4,12.3532,12.1293,3.089
5,3,4.9484,5.0082,2.3015,5,12.2877,12.1104,3.547
5,3,5.0034,5.0641,2.2159,1,8.6335,8.5166,3.9558
5,3,5.0034,5.0641,2.2159,2,4.8582,5.0723,2.1937
5,3,5.0034,5.0641,2.2159,3,9.3863,10.0874,2.4995
5,3,5.0034,5.0641,2.2159,4,11.3935,11.9792,2.873
5,3,5.0034,5.0641,2.2159,5,11.2867,11.7158,5.1374
5,3,4.9872,5.0096,2.2378,1,8.725,8.5066,2.1072
5,3,4.9872,5.0096,2.2378,2,5.1575,4.9212,1.8178
5,3,4.9872,5.0096,2.2378,3,9.756,10.252,2.2113
5,3,4.9872,5.0096,2.2378,4,11.8343,12.324,2.4713
5,3,4.9872,5.0096,2.2378,5,11.5002,12.1721,2.758
5,3,4.9278,5.0241,2.2729,1,8.5061,8.5076,3.1991
5,3,4.9278,5.0241,2.2729,2,5.0204,5.0149,1.9438
5,3,4.9278,5.0241,2.2729,3,9.6408,10.2859,5.561
5,3,4.9278,5.0241,2.2729,4,12.0477,12.5269,6.0325
5,3,4.9278,5.0241,2.2729,5,12.0455,12.3246,5.704
5,4,5.2691,5.3489,1.8469,1,11.0685,11.1799,3.8179
5,4,5.2691,5.3489,1.8469,2,6.0902,5.9167,2.3047
5,4,5.2691,5.3489,1.8469,3,11.8723,11.8217,4.1668
5,4,5.2691,5.3489,1.8469,4,13.849,14.0474,4.6117
5,4,5.2691,5.3489,1.8469,5,15.2587,15.4529,6.0721
5,4,5.2624,5.2873,1.6981,1,10.6554,10.4241,3.2492
5,4,5.2624,5.2873,1.6981,2,5.8695,5.7873,2.3256
5,4,5.2624,5.2873,1.6981,3,11.5082,11.6313,6.6467
5,4,5.2624,5.2873,1.6981,4,13.4229,13.3357,7.177
5,4,5.2624,5.2873,1.6981,5,14.9314,14.6638,6.8978
5,4,5.285,5.2885,1.8773,1,10.486,10.598,2.0374
5,4,5.285,5.2885,1.8773,2,6.1402,5.7973,1.6941
5,4,5.285,5.2885,1.8773,3,12.0298,11.3919,2.6414
5,4,5.285,5.2885,1.8773,4,13.9814,13.1838,3.7632
5,4,5.285,5.2885,1.8773,5,15.1249,14.6177,4.9893
5,4,5.2868,5.2913,1.8617,1,11.0738,10.0445,2.817
5,4,5.2868,5.2913,1.8617,2,6.0468,5.5531,2.1147
5,4,5.2868,5.2913,1.8617,3,11.5125,11.3083,3.9313
5,4,5.2868,5.2913,1.8617,4,13.0029,13.0304,4.9391
5,4,5.2868,5.2913,1.8617,5,14.5141,14.5055,6.9533
5,4,5.2853,5.2708,1.7593,1,10.7728,10.7163,3.2741
5,4,5.2853,5.2708,1.7593,2,5.8838,5.8597,2.4029
5,4,5.2853,5.2708,1.7593,3,11.5189,11.5636,3.3559
5,4,5.2853,5.2708,1.7593,4,13.2099,13.5267,4.4016
5,4,5.2853,5.2708,1.7593,5,14.5277,15.0528,6.187
5,5,5.0818,5.0178,2.5779,1,10.0886,10.42,2.4787
5,5,5.0818,5.0178,2.5779,2,6.5704,6.7603,1.608
5,5,5.0818,5.0178,2.5779,3,6.1073,6.1865,2.074
5,5,5.0818,5.0178,2.5779,4,7.217,7.2693,2.2253
5,5,5.0818,5.0178,2.5779,5,6.1014,6.3107,3.3774
5,5,5.0163,5.0484,2.6016,1,10.7471,10.1252,3.0585
5,5,5.0163,5.0484,2.6016,2,6.968,6.8432,2.2728
5,5,5.0163,5.0484,2.6016,3,6.0011,6.1529,2.1623
5,5,5.0163,5.0484,2.6016,4,7.1027,6.8272,2.5155
5,5,5.0163,5.0484,2.6016,5,6.1991,5.9892,3.2925
5,5,4.9725,5.0032,2.548,1,10.4052,10.7229,2.9547
5,5,4.9725,5.0032,2.548,2,6.7218,6.6866,1.5568
5,5,4.9725,5.0032,2.548,3,5.9781,6.0349,2.968
5,5,4.9725,5.0032,2.548,4,6.9631,7.1887,4.0378
5,5,4.9725,5.0032,2.548,5,5.9256,6.1448,3.8722
5,5,4.991,4.9917,2.6185,1,9.9043,10.3503,3.3826
5,5,4.991,4.9917,2.6185,2,6.585,6.5143,1.8363
5,5,4.991,4.9917,2.6185,3,6.1461,6.0342,2.0865
5,5,4.991,4.9917,2.6185,4,7.1467,7.127,2.0136
5,5,4.991,4.9917,2.6185,5,6.0273,6.2088,2.9836
5,5,5.0041,5.0205,2.555,1,10.2388,10.5911,2.665
5,5,5.0041,5.0205,2.555,2,6.878,6.6002,1.7158
5,5,5.0041,5.0205,2.555,3,6.2477,6.0217,1.644
5,5,5.0041,5.0205,2.555,4,7.0436,7.2787,1.7347
5,5,5.0041,5.0205,2.555,5,6.0605,6.5479,3.2628
