1,6,4.4994,4.4222,3.6235,6,13.6943,14.5559,9.1429
1,6,4.4994,4.4222,3.6235,7,36.3547,38.8934,25.2362
1,6,4.4994,4.4222,3.6235,8,39.3495,41.6713,20.9377
1,6,4.4994,4.4222,3.6235,9,41.9701,43.417,24.546
1,6,4.4994,4.4222,3.6235,10,35.1519,37.6941,23.0254
1,6,4.3949,4.4062,3.6635,6,13.4889,13.174,8.042
1,6,4.3949,4.4062,3.6635,7,36.2939,35.7647,22.4869
1,6,4.3949,4.4062,3.6635,8,38.9207,37.996,17.6915
1,6,4.3949,4.4062,3.6635,9,40.9199,39.847,20.6474
1,6,4.3949,4.4062,3.6635,10,34.8933,34.0219,20.6342
1,6,4.5025,4.3944,3.8264,6,14.0427,14.0985,9.137
1,6,4.5025,4.3944,3.8264,7,36.7659,37.6472,24.092
1,6,4.5025,4.3944,3.8264,8,39.8637,40.2506,19.4456
1,6,4.5025,4.3944,3.8264,9,42.5316,42.1056,22.9171
1,6,4.5025,4.3944,3.8264,10,35.5187,36.1601,22.6268
1,6,4.5202,4.4074,3.7896,6,13.3384,13.3331,9.404
1,6,4.5202,4.4074,3.7896,7,36.4537,36.1802,24.6767
1,6,4.5202,4.4074,3.7896,8,39.0884,38.6472,20.1877
1,6,4.5202,4.4074,3.7896,9,41.6719,40.5253,24.0058
1,6,4.5202,4.4074,3.7896,10,35.4167,34.5859,23.3985
1,6,4.4123,4.4064,3.8512,6,13.5315,13.7008,8.9823
1,6,4.4123,4.4064,3.8512,7,36.1156,37.0868,24.8335
1,6,4.4123,4.4064,3.8512,8,38.6997,39.7175,20.3772
1,6,4.4123,4.4064,3.8512,9,41.0737,41.5165,23.7536
1,6,4.4123,4.4064,3.8512,10,34.6231,35.6858,23.0352
1,7,5.0699,5.0475,4.962,6,5.7648,5.9333,3.376
1,7,5.0699,5.0475,4.962,7,14.5781,14.6738,13.1125
1,7,5.0699,5.0475,4.962,8,15.643,15.859,11.3807
1,7,5.0699,5.0475,4.962,9,17.2142,17.3743,13.0567
1,7,5.0699,5.0475,4.962,10,13.6698,13.9484,10.7349
1,7,5.0704,5.0717,4.8579,6,5.8289,5.881,3.351
1,7,5.0704,5.0717,4.8579,7,14.528,14.7745,13.677
1,7,5.0704,5.0717,4.8579,8,15.594,15.8872,11.7166
1,7,5.0704,5.0717,4.8579,9,17.1971,17.501,13.4811
1,7,5.0704,5.0717,4.8579,10,13.6481,13.8884,10.8572
1,7,5.0708,5.0736,4.8746,6,5.7787,6.0652,3.2675
1,7,5.0708,5.0736,4.8746,7,14.4262,15.4047,12.6619
1,7,5.0708,5.0736,4.8746,8,15.3785,16.8289,10.627
1,7,5.0708,5.0736,4.8746,9,16.9544,18.4314,12.2539
1,7,5.0708,5.0736,4.8746,10,13.5314,14.5764,10.1504
1,7,5.0677,5.0655,4.8702,6,5.8528,5.8556,3.4594
1,7,5.0677,5.0655,4.8702,7,14.5256,14.6081,12.6894
1,7,5.0677,5.0655,4.8702,8,15.5624,15.6329,10.9198
1,7,5.0677,5.0655,4.8702,9,17.1785,17.222,12.6295
1,7,5.0677,5.0655,4.8702,10,13.6472,13.7448,10.5392
1,7,5.0729,5.0967,5.173,6,5.8166,5.7,3.5639
1,7,5.0729,5.0967,5.173,7,14.5794,14.198,13.9355
1,7,5.0729,5.0967,5.173,8,15.5436,15.0637,11.9329
1,7,5.0729,5.0967,5.173,9,17.1305,16.5904,13.7655
1,7,5.0729,5.0967,5.173,10,13.6974,13.3358,11.236
1,8,5.4959,5.4916,6.5723,6,10.7403,10.7318,4.1471
1,8,5.4959,5.4916,6.5723,7,8.6079,8.649,11.9691
1,8,5.4959,5.4916,6.5723,8,6.703,6.7461,8.4279
1,8,5.4959,5.4916,6.5723,9,7.4959,7.6734,10.4115
1,8,5.4959,5.4916,6.5723,10,7.4427,7.5324,9.3742
1,8,5.4961,5.5144,6.6248,6,10.7824,9.9557,3.7525
1,8,5.4961,5.5144,6.6248,7,8.7041,8.6549,12.8971
1,8,5.4961,5.5144,6.6248,8,6.9044,6.9121,9.3871
1,8,5.4961,5.5144,6.6248,9,7.6798,7.8968,11.4128
1,8,5.4961,5.5144,6.6248,10,7.571,7.5605,9.8788
1,8,5.4966,5.5076,6.4828,6,10.6849,11.1161,3.8709
1,8,5.4966,5.5076,6.4828,7,8.6934,8.5359,12.5018
1,8,5.4966,5.5076,6.4828,8,6.965,6.5804,8.9379
1,8,5.4966,5.5076,6.4828,9,7.8027,7.4028,10.8165
1,8,5.4966,5.5076,6.4828,10,7.5895,7.4142,9.5575
1,8,5.5001,5.5023,6.3422,6,10.6381,10.6995,3.4512
1,8,5.5001,5.5023,6.3422,7,8.6559,8.5993,11.7872
1,8,5.5001,5.5023,6.3422,8,6.7749,6.7223,8.3811
1,8,5.5001,5.5023,6.3422,9,7.6217,7.6077,10.605
1,8,5.5001,5.5023,6.3422,10,7.4579,7.5028,9.2553
1,8,5.4939,5.496,6.7567,6,10.4552,11.0367,4.0512
1,8,5.4939,5.496,6.7567,7,8.6298,8.5765,12.4335
1,8,5.4939,5.496,6.7567,8,6.8306,6.6918,8.7906
1,8,5.4939,5.496,6.7567,9,7.7164,7.5322,10.4627
1,8,5.4939,5.496,6.7567,10,7.5056,7.471,9.5522
1,9,3.8189,3.8255,3.2921,6,9.4272,9.4116,5.6348
1,9,3.8189,3.8255,3.2921,7,5.5709,5.5911,6.4255
1,9,3.8189,3.8255,3.2921,8,4.367,4.3852,4.1867
1,9,3.8189,3.8255,3.2921,9,4.6603,4.6115,5.4678
1,9,3.8189,3.8255,3.2921,10,5.4117,5.3708,5.4635
1,9,3.8163,3.8122,3.248,6,9.6874,9.5905,5.2703
1,9,3.8163,3.8122,3.248,7,5.5024,5.5836,6.6375
1,9,3.8163,3.8122,3.248,8,4.2857,4.3371,4.2628
1,9,3.8163,3.8122,3.248,9,4.4793,4.5638,5.523
1,9,3.8163,3.8122,3.248,10,5.3531,5.3965,5.6703
1,9,3.8164,3.8271,3.2474,6,9.4356,9.7438,5.7815
1,9,3.8164,3.8271,3.2474,7,5.529,5.5126,6.9536
1,9,3.8164,3.8271,3.2474,8,4.3988,4.2966,4.5641
1,9,3.8164,3.8271,3.2474,9,4.6177,4.4831,5.5584
1,9,3.8164,3.8271,3.2474,10,5.3911,5.3207,5.6208
1,9,3.8118,3.821,3.1356,6,9.2766,9.4714,4.9084
1,9,3.8118,3.821,3.1356,7,5.5652,5.5651,6.1759
1,9,3.8118,3.821,3.1356,8,4.4249,4.3578,3.9721
1,9,3.8118,3.821,3.1356,9,4.6642,4.6205,5.2267
1,9,3.8118,3.821,3.1356,10,5.4205,5.3855,5.2367
1,9,3.8108,3.8316,3.4069,6,9.5933,9.675,6.0301
1,9,3.8108,3.8316,3.4069,7,5.529,5.5189,6.6243
1,9,3.8108,3.8316,3.4069,8,4.3434,4.2268,4.3031
1,9,3.8108,3.8316,3.4069,9,4.5109,4.5078,5.4116
1,9,3.8108,3.8316,3.4069,10,5.3505,5.3401,5.6277
1,10,5.3107,5.3226,5.0416,6,11.6874,11.9883,4.3128
1,10,5.3107,5.3226,5.0416,7,6.4752,6.4775,5.8441
1,10,5.3107,5.3226,5.0416,8,5.1344,5.1362,3.7162
1,10,5.3107,5.3226,5.0416,9,4.6806,4.6965,4.7138
1,10,5.3107,5.3226,5.0416,10,5.5938,5.6381,5.1241
1,10,5.3252,5.3256,4.8835,6,12.1161,12.1798,3.6397
1,10,5.3252,5.3256,4.8835,7,6.297,6.3726,5.7756
1,10,5.3252,5.3256,4.8835,8,4.8486,5.0734,3.5854
1,10,5.3252,5.3256,4.8835,9,4.4347,4.6098,4.6355
1,10,5.3252,5.3256,4.8835,10,5.5075,5.6723,5.0166
1,10,5.3168,5.3235,4.8969,6,12.048,12.0126,3.8373
1,10,5.3168,5.3235,4.8969,7,6.4296,6.4098,5.7626
1,10,5.3168,5.3235,4.8969,8,5.1423,5.0653,3.6053
1,10,5.3168,5.3235,4.8969,9,4.6852,4.6313,4.7251
1,10,5.3168,5.3235,4.8969,10,5.6729,5.6015,4.9991
1,10,5.3337,5.3245,4.8057,6,12.497,12.7299,3.4601
1,10,5.3337,5.3245,4.8057,7,6.4485,6.505,5.7504
1,10,5.3337,5.3245,4.8057,8,5.0883,5.1028,3.5492
1,10,5.3337,5.3245,4.8057,9,4.5065,4.5425,4.6366
1,10,5.3337,5.3245,4.8057,10,5.6327,5.6607,4.933
1,10,5.3217,5.3194,4.7217,6,12.6528,12.2659,3.5736
1,10,5.3217,5.3194,4.7217,7,6.4736,6.5831,5.6127
1,10,5.3217,5.3194,4.7217,8,5.0557,5.234,3.487
1,10,5.3217,5.3194,4.7217,9,4.5196,4.681,4.5363
1,10,5.3217,5.3194,4.7217,10,5.6393,5.6993,4.8666
2,6,4.5129,4.4183,3.8459,6,13.4623,13.0122,9.9634
2,6,4.5129,4.4183,3.8459,7,36.9061,35.645,22.5999
2,6,4.5129,4.4183,3.8459,8,39.434,38.0255,18.8394
2,6,4.5129,4.4183,3.8459,9,42.0907,40.0269,23.0671
2,6,4.5129,4.4183,3.8459,10,35.7694,34.0946,22.3332
2,6,4.4983,4.4161,3.868,6,13.6381,13.2788,9.4
2,6,4.4983,4.4161,3.868,7,36.9422,36.7683,26.6436
2,6,4.4983,4.4161,3.868,8,39.7104,39.1238,21.6795
2,6,4.4983,4.4161,3.868,9,42.3423,41.1135,25.2765
2,6,4.4983,4.4161,3.868,10,35.7406,35.374,23.3581
2,6,4.5018,4.4281,3.868,6,14.0063,13.5771,10.3516
2,6,4.5018,4.4281,3.868,7,37.479,36.7349,28.677
2,6,4.5018,4.4281,3.868,8,40.3409,39.255,25.8511
2,6,4.5018,4.4281,3.868,9,42.9438,41.3196,29.5446
2,6,4.5018,4.4281,3.868,10,36.3867,35.1605,25.9964
2,6,4.416,4.4127,3.7579,6,14.5233,13.442,11.4842
2,6,4.416,4.4127,3.7579,7,37.2829,37.1552,31.5394
2,6,4.416,4.4127,3.7579,8,40.1861,39.3745,28.3201
2,6,4.416,4.4127,3.7579,9,41.9613,41.2574,33.3263
2,6,4.416,4.4127,3.7579,10,35.7023,35.702,28.1821
2,6,4.3917,4.4475,3.8334,6,13.4204,13.181,9.6597
2,6,4.3917,4.4475,3.8334,7,35.9523,36.43,25.8423
2,6,4.3917,4.4475,3.8334,8,38.2505,38.8053,21.5929
2,6,4.3917,4.4475,3.8334,9,40.2517,40.8848,25.342
2,6,4.3917,4.4475,3.8334,10,34.2694,34.9148,23.7203
2,7,5.0652,5.0701,4.9736,6,5.8227,5.7267,3.3972
2,7,5.0652,5.0701,4.9736,7,14.6558,14.7117,14.2453
2,7,5.0652,5.0701,4.9736,8,15.6025,15.7246,12.721
2,7,5.0652,5.0701,4.9736,9,17.2069,17.3559,14.7377
2,7,5.0652,5.0701,4.9736,10,13.732,13.7966,11.8403
2,7,5.0528,5.0471,4.8162,6,6.0978,6.0441,3.2725
2,7,5.0528,5.0471,4.8162,7,15.042,14.831,13.5876
2,7,5.0528,5.0471,4.8162,8,16.4887,16.0429,12.1833
2,7,5.0528,5.0471,4.8162,9,18.0092,17.59,14.0865
2,7,5.0528,5.0471,4.8162,10,14.3643,14.0414,11.3586
2,7,5.0649,5.0503,4.7723,6,5.9668,6.0225,3.2438
2,7,5.0649,5.0503,4.7723,7,14.7347,14.9098,12.8298
2,7,5.0649,5.0503,4.7723,8,15.8453,16.1868,11.4179
2,7,5.0649,5.0503,4.7723,9,17.4448,17.6708,13.1381
2,7,5.0649,5.0503,4.7723,10,13.854,14.134,10.8146
2,7,5.0675,5.0808,4.7858,6,5.8726,5.969,3.2398
2,7,5.0675,5.0808,4.7858,7,15.0791,14.8754,13.2114
2,7,5.0675,5.0808,4.7858,8,16.1561,16.0428,11.8763
2,7,5.0675,5.0808,4.7858,9,17.7338,17.6064,13.7184
2,7,5.0675,5.0808,4.7858,10,14.1415,14.0484,11.1071
2,7,5.0768,5.0807,4.9171,6,5.7495,5.8673,3.3103
2,7,5.0768,5.0807,4.9171,7,15.021,14.3531,13.5228
2,7,5.0768,5.0807,4.9171,8,16.0594,15.3074,11.828
2,7,5.0768,5.0807,4.9171,9,17.7224,16.8541,13.6915
2,7,5.0768,5.0807,4.9171,10,14.0421,13.5036,11.2489
2,8,5.4946,5.5061,6.521,6,10.3776,11.1303,3.9449
2,8,5.4946,5.5061,6.521,7,8.7795,8.5914,12.8869
2,8,5.4946,5.5061,6.521,8,6.8738,6.6019,9.8817
2,8,5.4946,5.5061,6.521,9,7.7576,7.4785,13.1515
2,8,5.4946,5.5061,6.521,10,7.5978,7.4343,10.6496
2,8,5.4903,5.4966,6.4366,6,10.9312,10.6703,3.1407
2,8,5.4903,5.4966,6.4366,7,8.5022,8.5706,15.5579
2,8,5.4903,5.4966,6.4366,8,6.5585,6.7156,11.1507
2,8,5.4903,5.4966,6.4366,9,7.3791,7.6082,14.4887
2,8,5.4903,5.4966,6.4366,10,7.3699,7.4753,11.4913
2,8,5.5079,5.495,6.1571,6,10.4296,10.4186,3.5685
2,8,5.5079,5.495,6.1571,7,8.6338,8.5183,9.1797
2,8,5.5079,5.495,6.1571,8,6.9491,6.7293,7.0779
2,8,5.5079,5.495,6.1571,9,7.7963,7.6411,8.7774
2,8,5.5079,5.495,6.1571,10,7.5817,7.4372,8.5793
2,8,5.5021,5.5004,6.6136,6,10.5946,10.5427,3.6241
2,8,5.5021,5.5004,6.6136,7,8.8066,8.658,9.8113
2,8,5.5021,5.5004,6.6136,8,6.8991,6.7762,7.6219
2,8,5.5021,5.5004,6.6136,9,7.8414,7.6775,8.9814
2,8,5.5021,5.5004,6.6136,10,7.5881,7.529,8.9745
2,8,5.4914,5.4924,6.2696,6,10.773,10.6079,3.026
2,8,5.4914,5.4924,6.2696,7,8.6006,8.6166,10.3209
2,8,5.4914,5.4924,6.2696,8,6.6578,6.8573,8.1252
2,8,5.4914,5.4924,6.2696,9,7.5218,7.7686,9.8838
2,8,5.4914,5.4924,6.2696,10,7.4132,7.5515,8.53
2,9,3.8127,3.8194,3.2088,6,9.1991,9.4933,6.395
2,9,3.8127,3.8194,3.2088,7,5.5503,5.5199,6.5056
2,9,3.8127,3.8194,3.2088,8,4.4499,4.3892,4.5392
2,9,3.8127,3.8194,3.2088,9,4.7448,4.6012,5.4258
2,9,3.8127,3.8194,3.2088,10,5.4588,5.374,5.6936
2,9,3.8139,3.8261,3.2548,6,9.5797,9.5456,6.3573
2,9,3.8139,3.8261,3.2548,7,5.5148,5.5295,6.7645
2,9,3.8139,3.8261,3.2548,8,4.3967,4.3036,4.6613
2,9,3.8139,3.8261,3.2548,9,4.5091,4.5467,5.302
2,9,3.8139,3.8261,3.2548,10,5.3488,5.3461,5.8419
2,9,3.8139,3.8322,3.3105,6,9.4155,9.5917,4.7565
2,9,3.8139,3.8322,3.3105,7,5.5133,5.5288,6.4997
2,9,3.8139,3.8322,3.3105,8,4.4273,4.2822,4.0883
2,9,3.8139,3.8322,3.3105,9,4.6343,4.5213,5.226
2,9,3.8139,3.8322,3.3105,10,5.3912,5.3251,5.4713
2,9,3.8337,3.8354,3.3169,6,9.1238,9.7918,5.9676
2,9,3.8337,3.8354,3.3169,7,5.596,5.5389,7.0131
2,9,3.8337,3.8354,3.3169,8,4.4417,4.2491,4.6639
2,9,3.8337,3.8354,3.3169,9,4.758,4.4743,5.5121
2,9,3.8337,3.8354,3.3169,10,5.4301,5.3255,5.6501
2,9,3.8116,3.8053,3.175,6,9.3821,9.3238,5.7405
2,9,3.8116,3.8053,3.175,7,5.5631,5.5543,6.1403
2,9,3.8116,3.8053,3.175,8,4.4225,4.4329,4.2399
2,9,3.8116,3.8053,3.175,9,4.6607,4.6505,5.1708
2,9,3.8116,3.8053,3.175,10,5.422,5.4073,5.5227
2,10,5.3159,5.3309,4.7425,6,11.5231,11.8086,4.2873
2,10,5.3159,5.3309,4.7425,7,6.4637,6.4492,5.707
2,10,5.3159,5.3309,4.7425,8,5.241,5.2066,3.7997
2,10,5.3159,5.3309,4.7425,9,4.8183,4.7825,4.6043
2,10,5.3159,5.3309,4.7425,10,5.684,5.7104,5.0904
2,10,5.309,5.3287,4.9211,6,11.876,12.8547,4.3765
2,10,5.309,5.3287,4.9211,7,6.4317,6.4771,5.8121
2,10,5.309,5.3287,4.9211,8,5.0971,5.0553,3.9083
2,10,5.309,5.3287,4.9211,9,4.6235,4.4884,4.541
2,10,5.309,5.3287,4.9211,10,5.6052,5.6562,5.2358
2,10,5.3161,5.3182,4.8322,6,11.6485,12.1929,4.1879
2,10,5.3161,5.3182,4.8322,7,6.3306,6.4986,5.6206
2,10,5.3161,5.3182,4.8322,8,5.0751,5.1464,3.7741
2,10,5.3161,5.3182,4.8322,9,4.691,4.6548,4.3004
2,10,5.3161,5.3182,4.8322,10,5.5836,5.6612,5.1462
2,10,5.3184,5.3279,4.6317,6,11.8596,12.394,3.3854
2,10,5.3184,5.3279,4.6317,7,6.3149,6.3666,5.4048
2,10,5.3184,5.3279,4.6317,8,5.007,4.9613,3.4466
2,10,5.3184,5.3279,4.6317,9,4.6037,4.5183,4.2094
2,10,5.3184,5.3279,4.6317,10,5.579,5.6269,4.8452
2,10,5.3187,5.3202,4.5752,6,11.9162,12.1971,3.1424
2,10,5.3187,5.3202,4.5752,7,6.4206,6.4458,5.364
2,10,5.3187,5.3202,4.5752,8,5.0495,5.1612,3.452
2,10,5.3187,5.3202,4.5752,9,4.636,4.6532,4.2992
2,10,5.3187,5.3202,4.5752,10,5.5867,5.6501,4.7907
3,6,4.5041,4.4645,3.7202,6,13.8349,14.1028,10.6093
3,6,4.5041,4.4645,3.7202,7,37.6647,36.5836,28.6278
3,6,4.5041,4.4645,3.7202,8,40.2806,39.3558,25.8018
3,6,4.5041,4.4645,3.7202,9,42.9479,41.279,30.0771
3,6,4.5041,4.4645,3.7202,10,36.5096,34.8782,27.8131
3,6,4.3752,4.3789,3.8902,6,14.0678,14.2656,11.0391
3,6,4.3752,4.3789,3.8902,7,37.0614,37.7442,30.6016
3,6,4.3752,4.3789,3.8902,8,39.6903,40.3919,27.9581
3,6,4.3752,4.3789,3.8902,9,41.8262,42.5602,32.6618
3,6,4.3752,4.3789,3.8902,10,35.7562,36.5369,28.4103
3,6,4.391,4.4329,3.7976,6,14.1175,13.455,10.8369
3,6,4.391,4.4329,3.7976,7,38.2633,36.7794,33.8049
3,6,4.391,4.4329,3.7976,8,40.6755,39.1731,28.8337
3,6,4.391,4.4329,3.7976,9,43.8052,41.2825,35.8475
3,6,4.391,4.4329,3.7976,10,37.5138,35.1371,29.671
3,6,4.393,4.3895,3.7849,6,13.8267,13.739,12.4247
3,6,4.393,4.3895,3.7849,7,37.6249,36.9326,34.0202
3,6,4.393,4.3895,3.7849,8,40.222,39.5273,30.8233
3,6,4.393,4.3895,3.7849,9,42.4543,41.5183,37.2892
3,6,4.393,4.3895,3.7849,10,36.7482,35.5266,31.339
3,6,4.4129,4.3978,3.8613,6,13.745,13.8282,10.8184
3,6,4.4129,4.3978,3.8613,7,37.3842,36.9129,31.2979
3,6,4.4129,4.3978,3.8613,8,39.8749,39.4549,27.7053
3,6,4.4129,4.3978,3.8613,9,42.0443,41.1836,32.4761
3,6,4.4129,4.3978,3.8613,10,36.1082,35.4175,27.8726
3,7,5.0551,5.0511,5.1963,6,5.9535,6.0149,4.0238
3,7,5.0551,5.0511,5.1963,7,15.1405,14.6039,14.8178
3,7,5.0551,5.0511,5.1963,8,16.2957,15.7307,13.7677
3,7,5.0551,5.0511,5.1963,9,17.9288,17.0242,15.9039
3,7,5.0551,5.0511,5.1963,10,14.2569,13.7704,13.0175
3,7,5.0307,5.0814,4.862,6,5.8563,5.7039,3.0329
3,7,5.0307,5.0814,4.862,7,14.8,14.1042,9.4194
3,7,5.0307,5.0814,4.862,8,15.7976,14.9186,8.9059
3,7,5.0307,5.0814,4.862,9,17.093,16.4833,10.3918
3,7,5.0307,5.0814,4.862,10,13.8709,13.2098,9.7091
3,7,5.067,5.0477,4.8084,6,5.7708,5.956,2.8907
3,7,5.067,5.0477,4.8084,7,14.5926,14.398,10.8084
3,7,5.067,5.0477,4.8084,8,15.5372,15.2749,9.5248
3,7,5.067,5.0477,4.8084,9,17.1788,16.4662,10.9943
3,7,5.067,5.0477,4.8084,10,13.6945,13.5474,9.3449
3,7,5.0487,5.0493,4.7692,6,6.2645,6.0947,3.2262
3,7,5.0487,5.0493,4.7692,7,15.153,14.7083,12.3035
3,7,5.0487,5.0493,4.7692,8,16.587,15.876,11.7735
3,7,5.0487,5.0493,4.7692,9,17.8001,16.9221,13.3199
3,7,5.0487,5.0493,4.7692,10,14.4661,13.8836,10.7347
3,7,5.0452,5.0582,4.9637,6,5.9549,5.9789,3.7662
3,7,5.0452,5.0582,4.9637,7,14.9746,14.3269,14.6109
3,7,5.0452,5.0582,4.9637,8,16.1773,15.2905,13.8985
3,7,5.0452,5.0582,4.9637,9,17.7427,16.3078,15.7084
3,7,5.0452,5.0582,4.9637,10,14.1188,13.507,12.6877
3,8,5.5085,5.4914,6.5999,6,10.5672,10.8735,1.9726
3,8,5.5085,5.4914,6.5999,7,8.6126,8.6653,12.518
3,8,5.5085,5.4914,6.5999,8,6.6445,6.7893,9.7255
3,8,5.5085,5.4914,6.5999,9,7.5992,7.6662,12.9972
3,8,5.5085,5.4914,6.5999,10,7.4016,7.5592,9.2433
3,8,5.4661,5.5022,6.5709,6,10.6706,10.682,2.4594
3,8,5.4661,5.5022,6.5709,7,8.7451,8.6752,19.1176
3,8,5.4661,5.5022,6.5709,8,6.9034,6.7042,13.7063
3,8,5.4661,5.5022,6.5709,9,7.5458,7.5247,20.1601
3,8,5.4661,5.5022,6.5709,10,7.6264,7.495,11.7159
3,8,5.4845,5.4964,6.3502,6,11.0689,10.2996,2.2202
3,8,5.4845,5.4964,6.3502,7,8.4514,8.5798,11.1768
3,8,5.4845,5.4964,6.3502,8,6.5625,6.778,8.953
3,8,5.4845,5.4964,6.3502,9,7.1653,7.7153,11.7194
3,8,5.4845,5.4964,6.3502,10,7.3573,7.4829,9.136
3,8,5.4181,5.4995,6.4204,6,10.5151,10.4822,3.0537
3,8,5.4181,5.4995,6.4204,7,8.6379,8.6535,12.8606
3,8,5.4181,5.4995,6.4204,8,6.7861,6.9012,9.573
3,8,5.4181,5.4995,6.4204,9,7.8762,7.7866,13.5365
3,8,5.4181,5.4995,6.4204,10,7.7406,7.5898,10.4273
3,8,5.498,5.4583,6.7869,6,10.0546,10.1486,3.8746
3,8,5.498,5.4583,6.7869,7,8.6967,8.7935,12.3832
3,8,5.498,5.4583,6.7869,8,6.9118,6.9057,8.9758
3,8,5.498,5.4583,6.7869,9,7.786,7.7208,11.7561
3,8,5.498,5.4583,6.7869,10,7.5565,7.5878,10.2907
3,9,3.7769,3.8354,3.4118,6,9.4229,9.7017,5.6714
3,9,3.7769,3.8354,3.4118,7,5.4851,5.6077,6.5974
3,9,3.7769,3.8354,3.4118,8,4.3505,4.3403,4.8954
3,9,3.7769,3.8354,3.4118,9,4.6862,4.5198,5.7359
3,9,3.7769,3.8354,3.4118,10,5.4196,5.3577,6.1064
3,9,3.7921,3.8252,3.5275,6,9.6162,9.4871,6.9959
3,9,3.7921,3.8252,3.5275,7,5.4842,5.5057,6.645
3,9,3.7921,3.8252,3.5275,8,4.3691,4.36,4.7404
3,9,3.7921,3.8252,3.5275,9,4.5597,4.5626,5.8691
3,9,3.7921,3.8252,3.5275,10,5.4321,5.3455,6.0816
3,9,3.8228,3.813,3.2872,6,9.7161,9.8065,4.8149
3,9,3.8228,3.813,3.2872,7,5.6158,5.5522,7.5333
3,9,3.8228,3.813,3.2872,8,4.292,4.288,4.9278
3,9,3.8228,3.813,3.2872,9,4.5335,4.4711,6.191
3,9,3.8228,3.813,3.2872,10,5.398,5.3499,6.4241
3,9,3.8042,3.8338,3.434,6,9.0368,9.3118,5.4737
3,9,3.8042,3.8338,3.434,7,5.5388,5.5548,6.0148
3,9,3.8042,3.8338,3.434,8,4.5014,4.3922,4.2081
3,9,3.8042,3.8338,3.434,9,4.7782,4.6846,5.5707
3,9,3.8042,3.8338,3.434,10,5.4918,5.3847,5.6275
3,9,3.7751,3.8204,3.4484,6,9.3055,9.7912,4.7391
3,9,3.7751,3.8204,3.4484,7,5.4831,5.525,5.2792
3,9,3.7751,3.8204,3.4484,8,4.395,4.3661,4.3777
3,9,3.7751,3.8204,3.4484,9,4.6896,4.4523,4.4633
3,9,3.7751,3.8204,3.4484,10,5.5215,5.3375,5.144
3,10,5.2967,5.3312,4.9384,6,12.8115,11.4444,3.7067
3,10,5.2967,5.3312,4.9384,7,6.5266,6.3102,5.8744
3,10,5.2967,5.3312,4.9384,8,5.0649,5.0771,3.7865
3,10,5.2967,5.3312,4.9384,9,4.4106,4.7038,4.9389
3,10,5.2967,5.3312,4.9384,10,5.577,5.5928,5.2982
3,10,5.3165,5.3242,4.7521,6,12.0762,11.675,3.4551
3,10,5.3165,5.3242,4.7521,7,6.4286,6.3405,5.5792
3,10,5.3165,5.3242,4.7521,8,5.0983,5.1009,3.4747
3,10,5.3165,5.3242,4.7521,9,4.6461,4.6753,4.4656
3,10,5.3165,5.3242,4.7521,10,5.6586,5.6227,5.1101
3,10,5.2977,5.3424,4.7921,6,12.2074,11.2293,4.2239
3,10,5.2977,5.3424,4.7921,7,6.5338,6.4282,6.0302
3,10,5.2977,5.3424,4.7921,8,5.1531,5.2009,3.6312
3,10,5.2977,5.3424,4.7921,9,4.4537,4.8579,4.5572
3,10,5.2977,5.3424,4.7921,10,5.5535,5.6398,5.2722
3,10,5.3113,5.345,4.6848,6,12.0424,11.5966,3.6249
3,10,5.3113,5.345,4.6848,7,6.448,6.4798,5.5398
3,10,5.3113,5.345,4.6848,8,5.0871,5.3049,3.4789
3,10,5.3113,5.345,4.6848,9,4.665,4.8696,4.5713
3,10,5.3113,5.345,4.6848,10,5.6436,5.7672,5.0012
3,10,5.3156,5.3271,4.9748,6,11.6535,11.974,3.882
3,10,5.3156,5.3271,4.9748,7,6.3566,6.4333,5.723
3,10,5.3156,5.3271,4.9748,8,5.0835,5.1162,3.4513
3,10,5.3156,5.3271,4.9748,9,4.6756,4.7026,4.7063
3,10,5.3156,5.3271,4.9748,10,5.6105,5.6498,5.2198
4,6,4.1913,4.3707,3.7994,6,14.1403,13.5519,13.0298
4,6,4.1913,4.3707,3.7994,7,38.4193,36.9653,31.5615
4,6,4.1913,4.3707,3.7994,8,40.9262,39.2547,26.8125
4,6,4.1913,4.3707,3.7994,9,43.8915,41.4556,34.1001
4,6,4.1913,4.3707,3.7994,10,37.5147,35.6143,32.9199
4,6,4.1958,4.4137,3.7574,6,14.3025,14.2167,10.2287
4,6,4.1958,4.4137,3.7574,7,37.3751,37.7518,29.6688
4,6,4.1958,4.4137,3.7574,8,40.2834,40.6468,26.7137
4,6,4.1958,4.4137,3.7574,9,42.8853,42.4505,31.7646
4,6,4.1958,4.4137,3.7574,10,36.1796,36.4992,26.3485
4,6,4.1934,4.1801,3.8329,6,14.6362,14.4744,12.4748
4,6,4.1934,4.1801,3.8329,7,38.6522,38.0645,33.5373
4,6,4.1934,4.1801,3.8329,8,41.404,40.7289,29.6399
4,6,4.1934,4.1801,3.8329,9,44.5561,44.0013,36.5003
4,6,4.1934,4.1801,3.8329,10,37.8951,36.9076,28.7701
4,6,4.2174,4.1783,3.7867,6,14.2278,14.4916,10.6176
4,6,4.2174,4.1783,3.7867,7,38.5132,38.1781,28.7873
4,6,4.2174,4.1783,3.7867,8,41.0189,41.0194,29.2329
4,6,4.2174,4.1783,3.7867,9,44.4788,44.2037,32.4777
4,6,4.2174,4.1783,3.7867,10,37.6855,37.4511,29.3605
4,6,4.2501,4.4025,4.0731,6,13.6314,13.6948,9.6748
4,6,4.2501,4.4025,4.0731,7,38.1729,36.8254,28.9234
4,6,4.2501,4.4025,4.0731,8,40.5171,39.5097,28.1902
4,6,4.2501,4.4025,4.0731,9,43.2363,41.476,32.2062
4,6,4.2501,4.4025,4.0731,10,37.5387,35.4637,26.5472
4,7,5.0537,5.0792,4.9041,6,5.7311,5.6615,3.0874
4,7,5.0537,5.0792,4.9041,7,14.7733,14.2476,13.816
4,7,5.0537,5.0792,4.9041,8,15.7601,15.1133,12.406
4,7,5.0537,5.0792,4.9041,9,17.4388,16.6475,14.1476
4,7,5.0537,5.0792,4.9041,10,13.8883,13.366,11.8901
4,7,5.019,5.0432,4.9257,6,5.9044,6.0247,3.6419
4,7,5.019,5.0432,4.9257,7,15.0492,14.8837,14.6366
4,7,5.019,5.0432,4.9257,8,16.0633,16.1339,14.1615
4,7,5.019,5.0432,4.9257,9,18.1119,17.7567,15.467
4,7,5.019,5.0432,4.9257,10,14.3215,14.1349,12.0461
4,7,5.0598,5.0723,4.9467,6,5.9724,6.409,3.6438
4,7,5.0598,5.0723,4.9467,7,15.1785,15.8069,21.6906
4,7,5.0598,5.0723,4.9467,8,16.4145,17.4636,19.1205
4,7,5.0598,5.0723,4.9467,9,18.048,18.9864,20.5804
4,7,5.0598,5.0723,4.9467,10,14.3819,15.0935,13.9456
4,7,5.0346,5.0416,4.8792,6,6.0975,6.0426,3.5735
4,7,5.0346,5.0416,4.8792,7,15.6221,14.9847,19.9622
4,7,5.0346,5.0416,4.8792,8,16.8577,16.2655,17.1265
4,7,5.0346,5.0416,4.8792,9,18.3208,17.5536,19.3918
4,7,5.0346,5.0416,4.8792,10,14.649,14.2103,13.6538
4,7,5.0206,5.0291,5.0678,6,5.9151,5.9339,3.1113
4,7,5.0206,5.0291,5.0678,7,14.7464,14.9016,13.5189
4,7,5.0206,5.0291,5.0678,8,15.8373,16.0502,11.1681
4,7,5.0206,5.0291,5.0678,9,17.2481,17.5392,12.7712
4,7,5.0206,5.0291,5.0678,10,13.9908,14.0814,11.6358
4,8,5.41,5.5014,6.7792,6,10.6217,10.4247,2.9051
4,8,5.41,5.5014,6.7792,7,8.8381,8.6061,13.1503
4,8,5.41,5.5014,6.7792,8,6.8641,6.7178,9.326
4,8,5.41,5.5014,6.7792,9,8.1814,7.6632,12.0833
4,8,5.41,5.5014,6.7792,10,7.9333,7.4782,9.8462
4,8,5.4284,5.5027,6.6144,6,10.6478,10.9126,3.3837
4,8,5.4284,5.5027,6.6144,7,8.8124,8.5377,15.1042
4,8,5.4284,5.5027,6.6144,8,6.9618,6.8261,10.032
4,8,5.4284,5.5027,6.6144,9,7.7001,7.673,13.2831
4,8,5.4284,5.5027,6.6144,10,7.7573,7.5452,10.8757
4,8,5.4103,5.477,6.6038,6,11.3891,11.2975,2.496
4,8,5.4103,5.477,6.6038,7,8.476,8.6941,12.0799
4,8,5.4103,5.477,6.6038,8,6.624,6.7354,9.2612
4,8,5.4103,5.477,6.6038,9,7.7048,7.54,11.7464
4,8,5.4103,5.477,6.6038,10,7.734,7.6001,10.0459
4,8,5.4505,5.4194,6.671,6,10.3269,10.6742,3.008
4,8,5.4505,5.4194,6.671,7,8.8331,8.5217,10.5143
4,8,5.4505,5.4194,6.671,8,6.8725,6.6256,8.6307
4,8,5.4505,5.4194,6.671,9,7.7329,7.7596,11.6364
4,8,5.4505,5.4194,6.671,10,7.6566,7.6369,8.2724
4,8,5.4157,5.5015,6.4393,6,10.803,10.3241,2.7215
4,8,5.4157,5.5015,6.4393,7,8.3767,8.6057,9.7069
4,8,5.4157,5.5015,6.4393,8,6.511,6.7782,6.6734
4,8,5.4157,5.5015,6.4393,9,7.2438,7.7281,9.3528
4,8,5.4157,5.5015,6.4393,10,7.4591,7.5106,7.5727
4,9,3.7509,3.7697,3.3224,6,9.5766,9.1652,4.5537
4,9,3.7509,3.7697,3.3224,7,5.4878,5.5365,8.4381
4,9,3.7509,3.7697,3.3224,8,4.33,4.4153,5.2374
4,9,3.7509,3.7697,3.3224,9,4.5406,4.7789,6.924
4,9,3.7509,3.7697,3.3224,10,5.4754,5.5016,6.452
4,9,3.7491,3.7751,3.3077,6,9.8072,9.4351,4.3784
4,9,3.7491,3.7751,3.3077,7,5.4266,5.4643,6.6733
4,9,3.7491,3.7751,3.3077,8,4.2305,4.3023,4.608
4,9,3.7491,3.7751,3.3077,9,4.617,4.7794,5.4416
4,9,3.7491,3.7751,3.3077,10,5.4649,5.4825,5.1138
4,9,3.7351,3.7668,3.3779,6,9.3742,9.5274,3.9023
4,9,3.7351,3.7668,3.3779,7,5.5034,5.5576,6.8092
4,9,3.7351,3.7668,3.3779,8,4.3561,4.3068,4.8586
4,9,3.7351,3.7668,3.3779,9,4.7808,4.5844,6.4263
4,9,3.7351,3.7668,3.3779,10,5.5969,5.4481,6.541
4,9,3.773,3.7814,3.2483,6,9.2485,9.7166,4.7163
4,9,3.773,3.7814,3.2483,7,5.5433,5.4758,7.0626
4,9,3.773,3.7814,3.2483,8,4.4222,4.2506,4.8449
4,9,3.773,3.7814,3.2483,9,4.6959,4.4489,5.1862
4,9,3.773,3.7814,3.2483,10,5.4895,5.3636,5.8495
4,9,3.7289,3.7489,3.4856,6,9.6849,8.925,5.3996
4,9,3.7289,3.7489,3.4856,7,5.4435,5.6065,7.1372
4,9,3.7289,3.7489,3.4856,8,4.2624,4.49,4.4274
4,9,3.7289,3.7489,3.4856,9,4.735,5.2498,6.7969
4,9,3.7289,3.7489,3.4856,10,5.6026,5.734,5.4312
4,10,5.3171,5.3678,4.8641,6,11.5656,12.1203,3.9935
4,10,5.3171,5.3678,4.8641,7,6.1973,6.4074,5.7848
4,10,5.3171,5.3678,4.8641,8,4.9636,4.8601,3.4878
4,10,5.3171,5.3678,4.8641,9,4.5951,4.507,4.447
4,10,5.3171,5.3678,4.8641,10,5.5246,5.529,5.3493
4,10,5.2865,5.3118,4.8449,6,11.6501,12.1092,4.1571
4,10,5.2865,5.3118,4.8449,7,6.4364,6.3808,6.2876
4,10,5.2865,5.3118,4.8449,8,5.1018,5.0049,3.4605
4,10,5.2865,5.3118,4.8449,9,4.638,4.5397,4.8415
4,10,5.2865,5.3118,4.8449,10,5.5481,5.5633,5.2909
4,10,5.2906,5.3402,4.8626,6,13.0061,12.5729,3.7053
4,10,5.2906,5.3402,4.8626,7,6.6536,6.4975,5.6884
4,10,5.2906,5.3402,4.8626,8,5.252,4.9526,3.4024
4,10,5.2906,5.3402,4.8626,9,4.3443,4.5156,4.4033
4,10,5.2906,5.3402,4.8626,10,5.5156,5.582,5.3346
4,10,5.2746,5.3294,5.0289,6,11.7206,11.3078,4.2383
4,10,5.2746,5.3294,5.0289,7,6.4118,6.2962,5.8678
4,10,5.2746,5.3294,5.0289,8,5.123,5.12,3.7555
4,10,5.2746,5.3294,5.0289,9,4.5728,4.7678,4.6456
4,10,5.2746,5.3294,5.0289,10,5.5544,5.6368,5.539
4,10,5.2691,5.3221,5.0633,6,12.0626,11.9659,4.9104
4,10,5.2691,5.3221,5.0633,7,6.6204,6.448,6.0925
4,10,5.2691,5.3221,5.0633,8,5.3798,5.0402,3.5564
4,10,5.2691,5.3221,5.0633,9,4.6728,4.5224,4.95
4,10,5.2691,5.3221,5.0633,10,5.7235,5.5553,5.7905
5,6,4.1463,4.2181,4.2855,6,14.8865,14.0471,14.3208
5,6,4.1463,4.2181,4.2855,7,35.4057,38.6257,56.9285
5,6,4.1463,4.2181,4.2855,8,38.5398,40.8475,34.0925
5,6,4.1463,4.2181,4.2855,9,42.0084,43.4626,43.7841
5,6,4.1463,4.2181,4.2855,10,33.8732,37.4645,37.3716
5,6,4.1481,4.1658,4.4854,6,14.3417,15.0598,14.3704
5,6,4.1481,4.1658,4.4854,7,32.9817,35.8588,25.6281
5,6,4.1481,4.1658,4.4854,8,36.677,39.5645,12.6174
5,6,4.1481,4.1658,4.4854,9,38.6632,41.0152,15.1311
5,6,4.1481,4.1658,4.4854,10,30.6839,33.6791,21.22
5,6,4.1674,4.2236,4.39,6,14.7573,14.646,9.7819
5,6,4.1674,4.2236,4.39,7,38.541,34.5114,39.7535
5,6,4.1674,4.2236,4.39,8,40.5477,38.4119,25.6307
5,6,4.1674,4.2236,4.39,9,45.5374,39.4727,32.5274
5,6,4.1674,4.2236,4.39,10,38.3776,32.2663,31.0847
5,6,4.1508,4.19,4.2478,6,14.6846,14.0214,14.713
5,6,4.1508,4.19,4.2478,7,34.1182,38.5466,42.6271
5,6,4.1508,4.19,4.2478,8,37.2029,40.4499,35.9503
5,6,4.1508,4.19,4.2478,9,41.0219,44.2696,40.3477
5,6,4.1508,4.19,4.2478,10,32.8726,38.0915,40.5217
5,6,4.1607,4.1622,4.3882,6,14.2684,14.5089,26.6279
5,6,4.1607,4.1622,4.3882,7,34.0564,37.8957,49.0232
5,6,4.1607,4.1622,4.3882,8,37.3748,40.3388,59.2897
5,6,4.1607,4.1622,4.3882,9,39.6162,43.3382,67.9878
5,6,4.1607,4.1622,4.3882,10,31.5635,36.8813,61.8999
5,7,4.9808,4.9712,5.3053,6,5.8957,5.8735,2.9301
5,7,4.9808,4.9712,5.3053,7,14.6838,15.1434,14.4573
5,7,4.9808,4.9712,5.3053,8,15.7077,16.041,8.2571
5,7,4.9808,4.9712,5.3053,9,16.5097,17.166,10.2769
5,7,4.9808,4.9712,5.3053,10,13.5964,14.0864,9.9835
5,7,5.0023,4.9864,5.3548,6,6.3425,5.5921,5.653
5,7,5.0023,4.9864,5.3548,7,15.141,14.3735,21.7386
5,7,5.0023,4.9864,5.3548,8,16.9733,15.1549,17.0009
5,7,5.0023,4.9864,5.3548,9,17.7015,16.6829,21.9199
5,7,5.0023,4.9864,5.3548,10,14.3249,13.4354,17.7976
5,7,4.9845,5.0051,5.1887,6,5.9658,6.0714,3.4259
5,7,4.9845,5.0051,5.1887,7,14.5195,14.7528,28.569
5,7,4.9845,5.0051,5.1887,8,16.1142,15.8335,29.1596
5,7,4.9845,5.0051,5.1887,9,16.5622,16.5003,30.3807
5,7,4.9845,5.0051,5.1887,10,13.6144,13.863,19.9211
5,7,5.0391,4.9644,5.3374,6,5.9188,5.9486,4.6121
5,7,5.0391,4.9644,5.3374,7,15.1522,14.5852,25.3803
5,7,5.0391,4.9644,5.3374,8,16.1982,15.7859,21.7911
5,7,5.0391,4.9644,5.3374,9,17.7408,16.4801,25.3257
5,7,5.0391,4.9644,5.3374,10,14.25,13.7205,17.5047
5,7,4.9917,4.9979,5.2034,6,6.1758,6.2524,4.3663
5,7,4.9917,4.9979,5.2034,7,14.3489,14.7555,7.7372
5,7,4.9917,4.9979,5.2034,8,15.6624,16.2692,5.6721
5,7,4.9917,4.9979,5.2034,9,16.0306,16.3787,7.9173
5,7,4.9917,4.9979,5.2034,10,13.6399,13.5945,9.4989
5,8,5.318,5.3511,7.1049,6,11.0012,10.7889,4.0571
5,8,5.318,5.3511,7.1049,7,8.9397,8.7502,47.8545
5,8,5.318,5.3511,7.1049,8,6.8124,6.7484,35.5778
5,8,5.318,5.3511,7.1049,9,7.8355,7.9204,52.6405
5,8,5.318,5.3511,7.1049,10,7.5916,7.6659,30.609
5,8,5.3474,5.3225,6.8292,6,10.7889,11.1508,7.663
5,8,5.3474,5.3225,6.8292,7,9.0065,8.8777,19.7572
5,8,5.3474,5.3225,6.8292,8,6.9595,6.7168,13.4236
5,8,5.3474,5.3225,6.8292,9,8.197,7.9398,19.2301
5,8,5.3474,5.3225,6.8292,10,7.877,7.7311,19.3059
5,8,5.3006,5.3481,7.2453,6,11.2108,10.5264,3.6804
5,8,5.3006,5.3481,7.2453,7,8.7998,8.7685,69.8735
5,8,5.3006,5.3481,7.2453,8,6.8183,6.6348,54.2387
5,8,5.3006,5.3481,7.2453,9,8.0923,8.1995,85.9311
5,8,5.3006,5.3481,7.2453,10,7.7783,7.7997,39.8717
5,8,5.3041,5.3315,7.2814,6,11.253,11.0415,6.1781
5,8,5.3041,5.3315,7.2814,7,9.0602,9.1052,53.716
5,8,5.3041,5.3315,7.2814,8,7.0093,6.8845,36.3102
5,8,5.3041,5.3315,7.2814,9,8.1981,8.3415,43.8896
5,8,5.3041,5.3315,7.2814,10,7.8739,7.8894,22.1715
5,8,5.3287,5.3178,7.2587,6,11.2229,11.6993,10.0309
5,8,5.3287,5.3178,7.2587,7,8.9208,8.9217,70.819
5,8,5.3287,5.3178,7.2587,8,6.6572,6.7043,47.3623
5,8,5.3287,5.3178,7.2587,9,8.2561,7.8128,64.6304
5,8,5.3287,5.3178,7.2587,10,7.7272,7.6449,31.0796
5,9,3.7185,3.725,3.808,6,9.3653,9.5986,5.0886
5,9,3.7185,3.725,3.808,7,5.5894,5.5357,7.5976
5,9,3.7185,3.725,3.808,8,4.2643,4.2474,5.1028
5,9,3.7185,3.725,3.808,9,5.1885,4.8042,6.896
5,9,3.7185,3.725,3.808,10,5.6372,5.6434,7.1597
5,9,3.7173,3.7313,3.7007,6,9.7444,9.7703,7.3034
5,9,3.7173,3.7313,3.7007,7,5.5079,5.6543,7.3113
5,9,3.7173,3.7313,3.7007,8,4.1518,4.1924,5.5346
5,9,3.7173,3.7313,3.7007,9,4.8152,4.7195,7.978
5,9,3.7173,3.7313,3.7007,10,5.5008,5.6384,8.4898
5,9,3.7128,3.7454,3.5099,6,9.4046,9.6618,7.6331
5,9,3.7128,3.7454,3.5099,7,5.5925,5.5424,7.9888
5,9,3.7128,3.7454,3.5099,8,4.296,4.2754,6.1671
5,9,3.7128,3.7454,3.5099,9,4.8249,4.8628,6.823
5,9,3.7128,3.7454,3.5099,10,5.5805,5.7156,7.2933
5,9,3.7303,3.7681,3.7457,6,9.6333,8.9024,8.9363
5,9,3.7303,3.7681,3.7457,7,5.4888,5.5335,9.1555
5,9,3.7303,3.7681,3.7457,8,4.23,4.5368,5.9872
5,9,3.7303,3.7681,3.7457,9,4.7151,5.2802,9.3623
5,9,3.7303,3.7681,3.7457,10,5.4917,5.6848,8.1453
5,9,3.7353,3.7287,3.7619,6,9.1818,9.2219,4.0354
5,9,3.7353,3.7287,3.7619,7,5.5229,5.5899,10.1565
5,9,3.7353,3.7287,3.7619,8,4.4265,4.3224,7.9137
5,9,3.7353,3.7287,3.7619,9,4.8078,5.0019,9.7687
5,9,3.7353,3.7287,3.7619,10,5.5406,5.629,7.4938
5,10,5.2403,5.2536,5.0864,6,12.4649,12.9142,4.8904
5,10,5.2403,5.2536,5.0864,7,6.6535,6.7061,4.7444
5,10,5.2403,5.2536,5.0864,8,5.3798,5.3443,3.3063
5,10,5.2403,5.2536,5.0864,9,4.5381,4.4646,4.4783
5,10,5.2403,5.2536,5.0864,10,5.6497,5.6685,5.5933
5,10,5.2537,5.2391,5.28,6,11.9782,12.3371,4.1511
5,10,5.2537,5.2391,5.28,7,6.632,6.6455,5.6398
5,10,5.2537,5.2391,5.28,8,5.3069,5.3319,3.5759
5,10,5.2537,5.2391,5.28,9,4.4954,4.6447,4.8008
5,10,5.2537,5.2391,5.28,10,5.551,5.6275,5.4058
5,10,5.2465,5.2486,5.0965,6,12.0478,12.1037,5.553
5,10,5.2465,5.2486,5.0965,7,6.599,6.7253,6.9562
5,10,5.2465,5.2486,5.0965,8,5.3447,5.5562,3.6326
5,10,5.2465,5.2486,5.0965,9,4.5341,4.7571,4.8349
5,10,5.2465,5.2486,5.0965,10,5.6514,5.7045,5.9063
5,10,5.2604,5.2883,5.1502,6,12.4123,11.8242,3.9636
5,10,5.2604,5.2883,5.1502,7,6.7986,6.4002,5.511
5,10,5.2604,5.2883,5.1502,8,5.5875,5.0566,4.3824
5,10,5.2604,5.2883,5.1502,9,4.6453,4.5837,4.9733
5,10,5.2604,5.2883,5.1502,10,5.6741,5.5461,5.7305
5,10,5.2806,5.26,5.2845,6,12.1056,12.5477,5.4959
5,10,5.2806,5.26,5.2845,7,6.6036,6.6423,5.067
5,10,5.2806,5.26,5.2845,8,5.2731,5.3732,3.3258
5,10,5.2806,5.26,5.2845,9,4.5643,4.8094,4.018
5,10,5.2806,5.26,5.2845,10,5.607,5.7938,5.9788
