1,6,16.3515,16.4534,13.2035,6,30.3146,33.402,22.585
1,6,16.3515,16.4534,13.2035,7,26.5127,29.0912,25.0041
1,6,16.3515,16.4534,13.2035,8,19.9444,20.8729,20.2257
1,6,16.3515,16.4534,13.2035,9,71.4507,71.7305,28.2002
1,6,16.3515,16.4534,13.2035,10,86.0785,90.9166,30.2786
1,6,16.4,16.4499,12.643,6,30.0345,27.0824,25.058
1,6,16.4,16.4499,12.643,7,27.0392,25.1865,23.6373
1,6,16.4,16.4499,12.643,8,19.7445,19.1752,22.802
1,6,16.4,16.4499,12.643,9,71.6106,70.1732,25.9809
1,6,16.4,16.4499,12.643,10,84.5817,82.5799,26.129
1,6,16.3172,16.3539,12.6387,6,30.2723,29.1128,20.3508
1,6,16.3172,16.3539,12.6387,7,27.5358,26.0892,21.4677
1,6,16.3172,16.3539,12.6387,8,20.2341,19.7496,17.2906
1,6,16.3172,16.3539,12.6387,9,72.1504,74.8874,25.1471
1,6,16.3172,16.3539,12.6387,10,83.4414,87.0081,26.9915
1,6,16.3593,16.4435,13.7486,6,29.1781,27.8513,20.4827
1,6,16.3593,16.4435,13.7486,7,26.8803,26.7093,23.0554
1,6,16.3593,16.4435,13.7486,8,20.3141,19.6926,17.3562
1,6,16.3593,16.4435,13.7486,9,76.5342,71.4159,27.4638
1,6,16.3593,16.4435,13.7486,10,86.3498,84.2543,29.7172
1,6,16.3716,16.3775,11.0426,6,30.2091,27.8805,18.3785
1,6,16.3716,16.3775,11.0426,7,27.7758,25.4308,17.5845
1,6,16.3716,16.3775,11.0426,8,20.6395,19.4336,12.3181
1,6,16.3716,16.3775,11.0426,9,68.1664,73.5207,20.0519
1,6,16.3716,16.3775,11.0426,10,82.9006,85.567,21.1933
1,7,15.5068,16.0438,13.0952,6,23.1076,23.9498,12.5237
1,7,15.5068,16.0438,13.0952,7,15.5584,15.7527,11.6965
1,7,15.5068,16.0438,13.0952,8,20.857,21.7688,7.697
1,7,15.5068,16.0438,13.0952,9,149.1943,147.3692,30.4124
1,7,15.5068,16.0438,13.0952,10,126.4937,126.6803,34.5817
1,7,15.4156,15.9767,12.5788,6,23.5645,24.2847,13.9799
1,7,15.4156,15.9767,12.5788,7,15.4037,15.2903,11.7406
1,7,15.4156,15.9767,12.5788,8,21.2836,21.8862,8.7433
1,7,15.4156,15.9767,12.5788,9,149.0818,128.6525,28.3723
1,7,15.4156,15.9767,12.5788,10,129.0983,116.3762,36.529
1,7,15.3164,15.9912,13.612,6,24.8735,28.7117,15.6042
1,7,15.3164,15.9912,13.612,7,15.0883,15.0401,12.3136
1,7,15.3164,15.9912,13.612,8,19.9888,22.5459,8.8777
1,7,15.3164,15.9912,13.612,9,134.0035,137.5055,31.3808
1,7,15.3164,15.9912,13.612,10,119.0953,123.6357,37.6789
1,7,15.4418,15.9749,12.7202,6,23.1948,24.5949,14.5647
1,7,15.4418,15.9749,12.7202,7,15.8235,15.2268,11.7081
1,7,15.4418,15.9749,12.7202,8,21.1383,21.6123,8.3678
1,7,15.4418,15.9749,12.7202,9,146.2332,122.3889,27.2307
1,7,15.4418,15.9749,12.7202,10,127.234,116.0007,32.7015
1,7,15.4063,15.9401,12.9136,6,22.2512,24.7065,13.8141
1,7,15.4063,15.9401,12.9136,7,15.8051,15.9403,11.8065
1,7,15.4063,15.9401,12.9136,8,21.4384,22.2293,7.8808
1,7,15.4063,15.9401,12.9136,9,149.8548,137.9719,30.6151
1,7,15.4063,15.9401,12.9136,10,131.6699,122.8336,32.758
1,8,14.3751,14.654,7.8305,6,28.2265,24.2284,21.1303
1,8,14.3751,14.654,7.8305,7,23.8108,24.2639,17.4241
1,8,14.3751,14.654,7.8305,8,16.6859,18.3501,11.2306
1,8,14.3751,14.654,7.8305,9,72.9508,71.4063,25.3504
1,8,14.3751,14.654,7.8305,10,111.1948,115.9316,31.3354
1,8,14.3018,14.4128,7.9249,6,29.1542,29.625,22.7352
1,8,14.3018,14.4128,7.9249,7,23.6421,23.9581,18.0999
1,8,14.3018,14.4128,7.9249,8,16.5658,17.5997,11.1234
1,8,14.3018,14.4128,7.9249,9,73.5734,84.0172,26.5235
1,8,14.3018,14.4128,7.9249,10,110.7017,123.8222,34.2018
1,8,14.2877,14.5366,8.1229,6,25.3596,25.7606,23.1146
1,8,14.2877,14.5366,8.1229,7,22.2719,22.926,17.7735
1,8,14.2877,14.5366,8.1229,8,16.9043,17.3129,11.5992
1,8,14.2877,14.5366,8.1229,9,73.8687,68.4129,27.1595
1,8,14.2877,14.5366,8.1229,10,115.8432,112.5805,34.4791
1,8,14.3165,14.5574,7.7747,6,28.1997,24.3575,20.0091
1,8,14.3165,14.5574,7.7747,7,23.9164,22.7506,15.4493
1,8,14.3165,14.5574,7.7747,8,17.2205,17.3921,10.8083
1,8,14.3165,14.5574,7.7747,9,75.8654,70.3558,26.0281
1,8,14.3165,14.5574,7.7747,10,111.626,111.6303,38.0448
1,8,14.3012,14.5895,8.1488,6,26.9453,27.3009,24.4052
1,8,14.3012,14.5895,8.1488,7,23.3717,22.0162,18.1805
1,8,14.3012,14.5895,8.1488,8,17.5444,17.3408,12.2592
1,8,14.3012,14.5895,8.1488,9,74.3888,63.518,25.1313
1,8,14.3012,14.5895,8.1488,10,113.6084,110.3308,32.132
1,9,12.397,12.2417,7.8663,6,29.7398,77.4609,22.3991
1,9,12.397,12.2417,7.8663,7,45.5162,63.0331,27.0599
1,9,12.397,12.2417,7.8663,8,50.2315,49.3852,16.7036
1,9,12.397,12.2417,7.8663,9,25.3439,23.6395,16.2443
1,9,12.397,12.2417,7.8663,10,31.0064,15.4389,8.6494
1,9,12.3094,12.5101,7.7917,6,27.8569,23.8006,28.7152
1,9,12.3094,12.5101,7.7917,7,46.1505,43.0927,28.6536
1,9,12.3094,12.5101,7.7917,8,50.499,51.1303,18.5342
1,9,12.3094,12.5101,7.7917,9,25.3122,23.2064,16.8132
1,9,12.3094,12.5101,7.7917,10,32.5542,30.8735,6.6865
1,9,12.2595,12.5208,7.3926,6,38.7773,25.7627,23.0721
1,9,12.2595,12.5208,7.3926,7,48.1888,46.0286,25.228
1,9,12.2595,12.5208,7.3926,8,48.9493,53.6595,16.8395
1,9,12.2595,12.5208,7.3926,9,22.12,23.3799,15.7434
1,9,12.2595,12.5208,7.3926,10,29.5746,33.4577,6.3357
1,9,12.1564,12.3477,8.0061,6,46.509,71.8459,25.2465
1,9,12.1564,12.3477,8.0061,7,44.3934,67.0064,28.5296
1,9,12.1564,12.3477,8.0061,8,45.9493,52.6464,19.329
1,9,12.1564,12.3477,8.0061,9,27.3726,23.045,16.8517
1,9,12.1564,12.3477,8.0061,10,36.0913,15.6034,5.9659
1,9,12.3079,12.2782,7.9707,6,31.1923,72.8497,20.9584
1,9,12.3079,12.2782,7.9707,7,43.6709,75.2756,27.4866
1,9,12.3079,12.2782,7.9707,8,50.423,54.2248,18.4077
1,9,12.3079,12.2782,7.9707,9,28.5982,23.7708,16.4937
1,9,12.3079,12.2782,7.9707,10,32.7283,15.5549,5.8859
1,10,12.9206,12.2827,14.0116,6,34.0713,28.4517,25.5466
1,10,12.9206,12.2827,14.0116,7,56.4205,57.5375,26.8697
1,10,12.9206,12.2827,14.0116,8,61.8372,65.3255,21.9226
1,10,12.9206,12.2827,14.0116,9,23.6647,22.6662,14.867
1,10,12.9206,12.2827,14.0116,10,13.4362,14.7473,7.0517
1,10,12.7672,12.313,14.5267,6,30.5325,30.1,32.4688
1,10,12.7672,12.313,14.5267,7,59.0115,58.5105,28.9599
1,10,12.7672,12.313,14.5267,8,61.1474,64.7283,23.3589
1,10,12.7672,12.313,14.5267,9,22.0728,21.9655,15.7226
1,10,12.7672,12.313,14.5267,10,10.259,13.9465,7.1726
1,10,12.7849,12.298,13.6349,6,29.9456,29.0152,26.2576
1,10,12.7849,12.298,13.6349,7,58.331,57.7088,27.4797
1,10,12.7849,12.298,13.6349,8,60.6682,64.2694,21.8684
1,10,12.7849,12.298,13.6349,9,22.3269,22.3142,14.7425
1,10,12.7849,12.298,13.6349,10,10.4669,14.163,7.4995
1,10,12.4944,12.3181,13.9107,6,29.5548,28.202,25.8018
1,10,12.4944,12.3181,13.9107,7,60.3488,56.4048,24.6697
1,10,12.4944,12.3181,13.9107,8,68.1468,63.0993,19.6773
1,10,12.4944,12.3181,13.9107,9,22.9044,22.9682,14.9217
1,10,12.4944,12.3181,13.9107,10,13.042,13.5418,7.1936
1,10,12.5533,12.3004,13.4057,6,32.918,28.2855,25.9797
1,10,12.5533,12.3004,13.4057,7,58.8854,56.9997,25.2792
1,10,12.5533,12.3004,13.4057,8,63.9312,64.256,19.3597
1,10,12.5533,12.3004,13.4057,9,23.5306,22.1432,14.715
1,10,12.5533,12.3004,13.4057,10,12.969,13.9047,7.8658
2,6,16.3314,16.0235,12.6719,6,29.0831,24.6006,30.781
2,6,16.3314,16.0235,12.6719,7,27.0316,25.4518,26.2139
2,6,16.3314,16.0235,12.6719,8,20.3387,22.2448,24.5301
2,6,16.3314,16.0235,12.6719,9,68.3117,77.8338,20.3847
2,6,16.3314,16.0235,12.6719,10,86.2528,81.0215,22.0764
2,6,15.9437,16.3658,12.3728,6,24.329,29.7669,23.5701
2,6,15.9437,16.3658,12.3728,7,24.888,26.6052,23.6092
2,6,15.9437,16.3658,12.3728,8,20.1657,19.8712,15.8798
2,6,15.9437,16.3658,12.3728,9,81.9623,74.3877,26.7306
2,6,15.9437,16.3658,12.3728,10,75.4963,86.8586,27.5634
2,6,15.9247,16.0473,13.2139,6,26.4315,24.0403,19.4504
2,6,15.9247,16.0473,13.2139,7,25.8175,26.6213,28.4405
2,6,15.9247,16.0473,13.2139,8,20.7057,22.723,19.6425
2,6,15.9247,16.0473,13.2139,9,81.2128,90.5306,31.402
2,6,15.9247,16.0473,13.2139,10,77.8654,87.109,26.647
2,6,16.0004,16.1571,13.545,6,26.4585,27.1956,26.22
2,6,16.0004,16.1571,13.545,7,25.2543,25.3934,26.2654
2,6,16.0004,16.1571,13.545,8,20.0861,21.2616,20.7892
2,6,16.0004,16.1571,13.545,9,78.9541,54.0539,47.6179
2,6,16.0004,16.1571,13.545,10,78.3063,86.3415,49.1141
2,6,15.9505,16.3459,12.3332,6,26.9686,29.9663,21.3831
2,6,15.9505,16.3459,12.3332,7,25.646,27.24,24.8108
2,6,15.9505,16.3459,12.3332,8,20.5101,19.848,15.5595
2,6,15.9505,16.3459,12.3332,9,83.3918,73.0668,37.1926
2,6,15.9505,16.3459,12.3332,10,84.9781,89.0667,33.0976
2,7,14.9495,15.2061,12.3026,6,31.8655,30.6088,7.1222
2,7,14.9495,15.2061,12.3026,7,14.879,15.5402,9.7924
2,7,14.9495,15.2061,12.3026,8,19.8197,19.8508,6.2525
2,7,14.9495,15.2061,12.3026,9,140.0482,175.7277,28.6053
2,7,14.9495,15.2061,12.3026,10,118.2741,140.1446,38.9282
2,7,14.9181,15.2726,12.1142,6,21.8379,23.992,7.2276
2,7,14.9181,15.2726,12.1142,7,15.4718,15.9125,9.5946
2,7,14.9181,15.2726,12.1142,8,19.3545,19.9873,6.601
2,7,14.9181,15.2726,12.1142,9,100.3622,96.4807,28.3438
2,7,14.9181,15.2726,12.1142,10,112.0678,106.4873,36.2774
2,7,14.9816,15.3048,12.458,6,24.3584,30.483,9.9225
2,7,14.9816,15.3048,12.458,7,15.1747,15.7791,9.9431
2,7,14.9816,15.3048,12.458,8,20.1624,20.9869,6.6255
2,7,14.9816,15.3048,12.458,9,142.9464,149.8819,28.8194
2,7,14.9816,15.3048,12.458,10,127.1062,120.507,38.9943
2,7,14.9956,15.227,12.9505,6,22.9711,27.2782,9.0653
2,7,14.9956,15.227,12.9505,7,15.5981,15.6688,10.6437
2,7,14.9956,15.227,12.9505,8,20.0304,20.3445,6.6524
2,7,14.9956,15.227,12.9505,9,103.2092,93.8265,31.3491
2,7,14.9956,15.227,12.9505,10,109.6332,104.8964,36.961
2,7,14.9501,15.3161,13.4705,6,25.9525,26.5186,10.1443
2,7,14.9501,15.3161,13.4705,7,15.4567,15.6947,11.4376
2,7,14.9501,15.3161,13.4705,8,19.7863,20.4764,6.6254
2,7,14.9501,15.3161,13.4705,9,136.795,100.3748,31.8644
2,7,14.9501,15.3161,13.4705,10,122.4197,112.1176,37.2806
2,8,13.9786,13.9191,7.6226,6,32.2595,29.3828,13.9884
2,8,13.9786,13.9191,7.6226,7,23.4942,23.9754,16.1478
2,8,13.9786,13.9191,7.6226,8,17.1039,17.7543,9.3951
2,8,13.9786,13.9191,7.6226,9,67.6392,76.791,22.2543
2,8,13.9786,13.9191,7.6226,10,107.7404,107.8074,29.2085
2,8,13.6992,14.0396,7.9645,6,32.8547,33.9089,18.452
2,8,13.6992,14.0396,7.9645,7,31.2791,24.4912,18.2976
2,8,13.6992,14.0396,7.9645,8,17.7142,17.8702,13.2156
2,8,13.6992,14.0396,7.9645,9,92.6615,72.5525,25.027
2,8,13.6992,14.0396,7.9645,10,126.5559,105.5708,29.9282
2,8,13.9207,14.2675,7.5277,6,28.7177,33.2156,20.3229
2,8,13.9207,14.2675,7.5277,7,22.0683,23.81,19.6903
2,8,13.9207,14.2675,7.5277,8,16.4559,17.376,12.1296
2,8,13.9207,14.2675,7.5277,9,69.0374,71.9273,24.0025
2,8,13.9207,14.2675,7.5277,10,111.9156,111.971,28.2562
2,8,13.8141,14.0453,7.519,6,32.0142,30.2362,18.6804
2,8,13.8141,14.0453,7.519,7,24.0915,25.4781,20.1594
2,8,13.8141,14.0453,7.519,8,16.3536,18.4001,11.65
2,8,13.8141,14.0453,7.519,9,69.993,62.6992,24.2895
2,8,13.8141,14.0453,7.519,10,111.9466,108.0805,31.8736
2,8,13.8755,14.0368,8.6951,6,33.2392,32.7,19.5693
2,8,13.8755,14.0368,8.6951,7,23.8142,24.5791,20.7963
2,8,13.8755,14.0368,8.6951,8,17.065,17.5404,13.8477
2,8,13.8755,14.0368,8.6951,9,67.9332,78.4279,29.9019
2,8,13.8755,14.0368,8.6951,10,112.6808,109.2636,37.1135
2,9,11.6541,11.6359,7.6761,6,33.8323,40.4225,26.3868
2,9,11.6541,11.6359,7.6761,7,49.3767,52.9925,26.4953
2,9,11.6541,11.6359,7.6761,8,46.5269,46.5763,16.4623
2,9,11.6541,11.6359,7.6761,9,24.6775,22.0847,17.1956
2,9,11.6541,11.6359,7.6761,10,24.487,25.1998,6.3496
2,9,11.6157,11.8687,7.7922,6,35.2274,59.6826,27.4765
2,9,11.6157,11.8687,7.7922,7,49.365,53.6863,27.4851
2,9,11.6157,11.8687,7.7922,8,46.7599,51.2509,18.1634
2,9,11.6157,11.8687,7.7922,9,21.9473,23.2547,17.6613
2,9,11.6157,11.8687,7.7922,10,24.9269,18.3679,6.0206
2,9,11.6422,11.8834,8.6115,6,26.3897,62.0469,35.5316
2,9,11.6422,11.8834,8.6115,7,45.4053,58.3246,33.0811
2,9,11.6422,11.8834,8.6115,8,49.481,53.3057,23.1046
2,9,11.6422,11.8834,8.6115,9,26.0775,22.7549,19.626
2,9,11.6422,11.8834,8.6115,10,27.9444,18.3363,6.5589
2,9,11.7037,11.6095,8.0488,6,41.0927,45.2505,27.7522
2,9,11.7037,11.6095,8.0488,7,52.8374,53.8191,26.3928
2,9,11.7037,11.6095,8.0488,8,48.6843,47.0627,16.5155
2,9,11.7037,11.6095,8.0488,9,21.4781,21.81,18.2127
2,9,11.7037,11.6095,8.0488,10,23.4622,23.5904,6.9445
2,9,11.6765,11.7037,7.2893,6,31.541,39.8782,25.7915
2,9,11.6765,11.7037,7.2893,7,50.3015,50.5415,24.037
2,9,11.6765,11.7037,7.2893,8,47.7537,47.3097,16.2634
2,9,11.6765,11.7037,7.2893,9,23.5204,21.0798,16.8354
2,9,11.6765,11.7037,7.2893,10,26.2605,23.4528,6.2179
2,10,12.9464,12.2864,13.6826,6,32.6939,28.5739,31.2977
2,10,12.9464,12.2864,13.6826,7,60.4937,60.516,19.2905
2,10,12.9464,12.2864,13.6826,8,62.2775,68.0544,14.3244
2,10,12.9464,12.2864,13.6826,9,24.663,22.1539,17.9714
2,10,12.9464,12.2864,13.6826,10,11.1623,12.9936,7.2253
2,10,12.2452,12.4664,13.456,6,30.9236,38.3303,25.3492
2,10,12.2452,12.4664,13.456,7,61.2143,63.3569,23.9762
2,10,12.2452,12.4664,13.456,8,60.7056,72.3609,17.6717
2,10,12.2452,12.4664,13.456,9,23.3769,27.1069,14.5062
2,10,12.2452,12.4664,13.456,10,12.5416,11.7561,5.9993
2,10,12.521,12.2593,14.0699,6,34.132,28.9948,29.0229
2,10,12.521,12.2593,14.0699,7,61.034,59.8598,25.4852
2,10,12.521,12.2593,14.0699,8,61.6111,65.8345,20.7915
2,10,12.521,12.2593,14.0699,9,23.8794,22.1206,16.1339
2,10,12.521,12.2593,14.0699,10,11.9065,12.5273,6.7565
2,10,12.5669,12.1232,14.4472,6,33.7084,30.1664,23.986
2,10,12.5669,12.1232,14.4472,7,58.5697,58.4568,25.5678
2,10,12.5669,12.1232,14.4472,8,59.1351,57.4826,16.2357
2,10,12.5669,12.1232,14.4472,9,23.0458,22.1701,19.4928
2,10,12.5669,12.1232,14.4472,10,12.0496,12.6009,10.2694
2,10,12.4935,12.0971,13.7959,6,34.2911,28.6842,28.0133
2,10,12.4935,12.0971,13.7959,7,59.5207,56.972,24.7068
2,10,12.4935,12.0971,13.7959,8,60.1951,53.1492,19.8932
2,10,12.4935,12.0971,13.7959,9,23.4719,23.5983,16.1827
2,10,12.4935,12.0971,13.7959,10,12.6742,12.6654,6.6754
3,6,15.9358,15.951,13.8186,6,25.6601,23.7592,15.7978
3,6,15.9358,15.951,13.8186,7,27.4103,26.2982,25.8116
3,6,15.9358,15.951,13.8186,8,20.6289,20.7179,12.4523
3,6,15.9358,15.951,13.8186,9,77.1611,71.2247,31.9367
3,6,15.9358,15.951,13.8186,10,75.2259,80.7745,60.7152
3,6,15.9381,15.9384,13.9935,6,25.3534,23.3248,26.9238
3,6,15.9381,15.9384,13.9935,7,26.9571,25.2713,23.9512
3,6,15.9381,15.9384,13.9935,8,20.2837,20.2614,20.4447
3,6,15.9381,15.9384,13.9935,9,73.4092,70.7104,42.4285
3,6,15.9381,15.9384,13.9935,10,80.5827,82.6118,34.6925
3,6,15.9043,15.8228,14.0442,6,26.0529,25.217,51.9072
3,6,15.9043,15.8228,14.0442,7,28.1145,27.165,32.4603
3,6,15.9043,15.8228,14.0442,8,21.03,21.1066,14.4449
3,6,15.9043,15.8228,14.0442,9,80.0525,65.6364,29.985
3,6,15.9043,15.8228,14.0442,10,78.5667,75.3252,84.826
3,6,15.8805,15.8855,15.5413,6,24.8835,23.0113,14.6843
3,6,15.8805,15.8855,15.5413,7,26.6965,26.9902,20.2119
3,6,15.8805,15.8855,15.5413,8,21.0112,21.942,12.3892
3,6,15.8805,15.8855,15.5413,9,76.4139,73.4858,33.778
3,6,15.8805,15.8855,15.5413,10,79.3237,76.9377,48.0784
3,6,15.901,15.8905,13.2462,6,25.5539,22.9358,19.4595
3,6,15.901,15.8905,13.2462,7,26.4923,24.6956,27.3157
3,6,15.901,15.8905,13.2462,8,21.1604,20.5607,13.8511
3,6,15.901,15.8905,13.2462,9,82.1322,69.116,68.0807
3,6,15.901,15.8905,13.2462,10,75.3896,76.3408,106.0718
3,7,14.6096,14.6856,13.9023,6,32.2646,33.2882,11.1885
3,7,14.6096,14.6856,13.9023,7,15.489,15.1977,11.0739
3,7,14.6096,14.6856,13.9023,8,19.7822,20.4998,5.3968
3,7,14.6096,14.6856,13.9023,9,160.5348,148.618,15.4078
3,7,14.6096,14.6856,13.9023,10,127.4948,123.6107,25.5975
3,7,14.8051,14.6884,13.265,6,35.7778,34.9451,14.001
3,7,14.8051,14.6884,13.265,7,15.1655,15.351,10.275
3,7,14.8051,14.6884,13.265,8,19.9391,20.284,5.4017
3,7,14.8051,14.6884,13.265,9,153.4559,187.1354,9.8995
3,7,14.8051,14.6884,13.265,10,117.3195,134.9603,18.6548
3,7,14.6976,14.5923,13.8455,6,35.1937,29.7026,7.5562
3,7,14.6976,14.5923,13.8455,7,15.5684,15.8248,9.824
3,7,14.6976,14.5923,13.8455,8,19.413,20.3851,6.0249
3,7,14.6976,14.5923,13.8455,9,146.3817,183.3576,22.4685
3,7,14.6976,14.5923,13.8455,10,117.8356,134.6456,31.4282
3,7,14.6263,14.6451,13.8821,6,30.2246,28.835,13.6956
3,7,14.6263,14.6451,13.8821,7,15.2264,16.0529,14.0277
3,7,14.6263,14.6451,13.8821,8,19.512,20.7168,10.4474
3,7,14.6263,14.6451,13.8821,9,160.1707,185.1216,28.5116
3,7,14.6263,14.6451,13.8821,10,123.814,134.4677,22.596
3,7,15.017,14.5757,13.4743,6,23.7866,35.0199,9.1426
3,7,15.017,14.5757,13.4743,7,15.4499,15.8527,11.1826
3,7,15.017,14.5757,13.4743,8,20.1202,21.046,6.6327
3,7,15.017,14.5757,13.4743,9,136.1828,190.0382,24.247
3,7,15.017,14.5757,13.4743,10,122.9288,141.3225,23.9251
3,8,13.4974,13.4647,8.7924,6,29.2659,32.6406,19.8776
3,8,13.4974,13.4647,8.7924,7,24.7567,25.8277,24.9962
3,8,13.4974,13.4647,8.7924,8,17.3909,18.5287,14.9088
3,8,13.4974,13.4647,8.7924,9,105.4594,83.8439,18.1183
3,8,13.4974,13.4647,8.7924,10,117.8405,120.6332,21.8811
3,8,13.2836,13.1799,8.2706,6,31.5272,30.7472,26.691
3,8,13.2836,13.1799,8.2706,7,26.259,26.379,22.5877
3,8,13.2836,13.1799,8.2706,8,17.8866,17.9729,9.9029
3,8,13.2836,13.1799,8.2706,9,109.4384,115.9737,27.4467
3,8,13.2836,13.1799,8.2706,10,118.2958,122.2131,29.5319
3,8,13.7892,13.2511,8.7695,6,31.8521,34.2661,34.1875
3,8,13.7892,13.2511,8.7695,7,23.6809,27.9668,22.8909
3,8,13.7892,13.2511,8.7695,8,17.7696,17.5122,17.5403
3,8,13.7892,13.2511,8.7695,9,74.1755,112.3242,19.3218
3,8,13.7892,13.2511,8.7695,10,111.1272,115.2956,12.2478
3,8,13.3418,13.3888,9.2294,6,30.2007,31.5026,30.8639
3,8,13.3418,13.3888,9.2294,7,24.3327,24.8414,25.9135
3,8,13.3418,13.3888,9.2294,8,17.9646,17.7525,11.3973
3,8,13.3418,13.3888,9.2294,9,93.8311,79.6546,31.21
3,8,13.3418,13.3888,9.2294,10,119.5821,116.0094,34.3254
3,8,13.8945,13.1558,9.8264,6,30.6623,30.5218,77.6796
3,8,13.8945,13.1558,9.8264,7,23.8119,27.9879,23.5539
3,8,13.8945,13.1558,9.8264,8,17.649,17.7122,10.5881
3,8,13.8945,13.1558,9.8264,9,77.6489,111.9577,34.7181
3,8,13.8945,13.1558,9.8264,10,106.952,116.5497,23.8324
3,9,11.5098,11.5336,8.3973,6,32.6938,28.6666,23.5329
3,9,11.5098,11.5336,8.3973,7,50.1786,46.4987,22.9868
3,9,11.5098,11.5336,8.3973,8,48.3883,46.6673,18.5317
3,9,11.5098,11.5336,8.3973,9,23.258,23.5348,19.988
3,9,11.5098,11.5336,8.3973,10,23.4158,26.3562,8.0423
3,9,11.6078,11.3197,9.0228,6,34.3642,53.1803,34.113
3,9,11.6078,11.3197,9.0228,7,50.5265,84.5646,40.7225
3,9,11.6078,11.3197,9.0228,8,53.0043,66.5657,20.5579
3,9,11.6078,11.3197,9.0228,9,23.5682,26.0448,25.531
3,9,11.6078,11.3197,9.0228,10,25.3105,28.8677,11.6102
3,9,11.6953,11.3436,8.0996,6,34.8408,66.9549,34.0062
3,9,11.6953,11.3436,8.0996,7,44.4767,68.0574,27.3104
3,9,11.6953,11.3436,8.0996,8,48.7713,57.739,17.3087
3,9,11.6953,11.3436,8.0996,9,24.0092,22.0212,18.9275
3,9,11.6953,11.3436,8.0996,10,27.1813,28.1533,11.3313
3,9,11.6466,11.3026,8.9827,6,33.3911,34.1814,59.0808
3,9,11.6466,11.3026,8.9827,7,52.2963,48.639,24.7558
3,9,11.6466,11.3026,8.9827,8,51.5367,55.27,15.9799
3,9,11.6466,11.3026,8.9827,9,21.5492,25.1273,23.3332
3,9,11.6466,11.3026,8.9827,10,25.2677,29.4914,8.8217
3,9,11.5277,11.4311,9.2302,6,39.6685,49.383,30.0736
3,9,11.5277,11.4311,9.2302,7,52.5336,69.5068,37.8526
3,9,11.5277,11.4311,9.2302,8,49.6787,53.6272,18.9502
3,9,11.5277,11.4311,9.2302,9,23.33,21.264,23.706
3,9,11.5277,11.4311,9.2302,10,28.4934,24.5132,10.8723
3,10,12.9573,11.8663,14.2206,6,34.3481,39.7131,19.7563
3,10,12.9573,11.8663,14.2206,7,61.0259,61.116,15.8712
3,10,12.9573,11.8663,14.2206,8,61.2059,55.5683,13.4143
3,10,12.9573,11.8663,14.2206,9,24.1184,21.0388,18.7999
3,10,12.9573,11.8663,14.2206,10,11.158,13.76,6.3046
3,10,12.1088,12.0897,15.2854,6,32.059,30.0267,32.1918
3,10,12.1088,12.0897,15.2854,7,61.3204,60.8363,29.4327
3,10,12.1088,12.0897,15.2854,8,58.5816,57.2101,22.7723
3,10,12.1088,12.0897,15.2854,9,22.9031,24.7544,22.8512
3,10,12.1088,12.0897,15.2854,10,12.7336,11.992,8.1138
3,10,12.3301,11.7904,14.3754,6,32.0454,38.6038,41.207
3,10,12.3301,11.7904,14.3754,7,57.239,59.6774,20.1595
3,10,12.3301,11.7904,14.3754,8,56.0024,54.7172,19.2059
3,10,12.3301,11.7904,14.3754,9,22.5549,20.9701,19.6388
3,10,12.3301,11.7904,14.3754,10,14.7632,13.7614,7.4087
3,10,12.2512,12.0801,14.8506,6,32.8932,31.7364,34.8586
3,10,12.2512,12.0801,14.8506,7,59.6792,64.6722,29.8213
3,10,12.2512,12.0801,14.8506,8,59.4998,59.0594,23.7783
3,10,12.2512,12.0801,14.8506,9,22.2375,22.9271,18.9944
3,10,12.2512,12.0801,14.8506,10,13.0985,12.8382,9.858
3,10,12.2609,11.7553,13.5102,6,31.0226,37.6316,33.121
3,10,12.2609,11.7553,13.5102,7,60.2841,59.3298,13.0845
3,10,12.2609,11.7553,13.5102,8,57.964,53.7837,7.969
3,10,12.2609,11.7553,13.5102,9,23.0461,22.6074,22.7277
3,10,12.2609,11.7553,13.5102,10,14.1125,13.7645,12.7147
4,6,15.8848,15.9684,15.394,6,24.7451,22.8761,48.2431
4,6,15.8848,15.9684,15.394,7,25.8888,25.8578,41.3395
4,6,15.8848,15.9684,15.394,8,20.5991,20.8047,43.0298
4,6,15.8848,15.9684,15.394,9,82.188,70.3772,122.6624
4,6,15.8848,15.9684,15.394,10,79.0131,74.6746,226.6107
4,6,16.3384,15.7834,18.3844,6,28.0158,23.828,452.1034
4,6,16.3384,15.7834,18.3844,7,27.4546,27.0374,78.6908
4,6,16.3384,15.7834,18.3844,8,20.1416,21.5799,55.9972
4,6,16.3384,15.7834,18.3844,9,64.5194,66.2083,127.9476
4,6,16.3384,15.7834,18.3844,10,82.1041,78.6972,62.7468
4,6,15.9411,15.7551,16.7938,6,25.646,23.6486,64.465
4,6,15.9411,15.7551,16.7938,7,27.2927,24.5632,25.0044
4,6,15.9411,15.7551,16.7938,8,20.4462,20.6711,18.0643
4,6,15.9411,15.7551,16.7938,9,78.066,73.7374,25.8841
4,6,15.9411,15.7551,16.7938,10,76.3902,78.1684,33.2278
4,6,15.8434,15.8512,15.636,6,26.1259,22.8841,14.2723
4,6,15.8434,15.8512,15.636,7,26.9106,24.9883,25.8181
4,6,15.8434,15.8512,15.636,8,21.0228,21.0341,14.3148
4,6,15.8434,15.8512,15.636,9,86.9205,75.3298,53.4499
4,6,15.8434,15.8512,15.636,10,83.0129,79.1837,73.6173
4,6,15.8575,15.7455,15.7802,6,23.1973,25.2957,37.6186
4,6,15.8575,15.7455,15.7802,7,25.9205,25.4199,24.0414
4,6,15.8575,15.7455,15.7802,8,20.3194,21.8879,10.3124
4,6,15.8575,15.7455,15.7802,9,73.6839,62.2935,45.2338
4,6,15.8575,15.7455,15.7802,10,80.5684,73.8628,57.7359
4,7,14.7708,14.6152,14.7835,6,35.5632,31.3403,26.337
4,7,14.7708,14.6152,14.7835,7,15.935,15.5666,11.5631
4,7,14.7708,14.6152,14.7835,8,20.1244,20.3515,6.1624
4,7,14.7708,14.6152,14.7835,9,165.5425,148.602,56.4815
4,7,14.7708,14.6152,14.7835,10,123.9265,124.5282,13.5875
4,7,14.5896,14.6266,15.2008,6,28.2889,26.669,15.5118
4,7,14.5896,14.6266,15.2008,7,15.8311,15.6766,12.0838
4,7,14.5896,14.6266,15.2008,8,19.5668,20.3128,7.4322
4,7,14.5896,14.6266,15.2008,9,133.9425,130.1746,146.9166
4,7,14.5896,14.6266,15.2008,10,117.7802,116.5974,57.0545
4,7,14.6679,14.545,14.7847,6,30.0835,46.7799,51.2165
4,7,14.6679,14.545,14.7847,7,15.5266,16.1748,15.776
4,7,14.6679,14.545,14.7847,8,20.1558,20.693,10.1832
4,7,14.6679,14.545,14.7847,9,134.9799,161.7343,31.2321
4,7,14.6679,14.545,14.7847,10,117.9044,131.9587,12.2015
4,7,14.583,14.5431,14.3243,6,26.4809,32.9309,12.0252
4,7,14.583,14.5431,14.3243,7,15.6562,16.048,11.7051
4,7,14.583,14.5431,14.3243,8,20.3824,19.6757,7.837
4,7,14.583,14.5431,14.3243,9,141.1474,141.3322,66.6327
4,7,14.583,14.5431,14.3243,10,125.5801,112.6027,25.4276
4,7,14.7159,14.6754,14.3429,6,34.6254,23.4482,15.7527
4,7,14.7159,14.6754,14.3429,7,15.138,15.7083,11.9421
4,7,14.7159,14.6754,14.3429,8,20.1104,20.3893,13.8587
4,7,14.7159,14.6754,14.3429,9,156.5492,170.4114,127.8219
4,7,14.7159,14.6754,14.3429,10,121.3746,130.8594,74.2506
4,8,13.2814,13.0744,10.6064,6,32.1585,39.5559,49.3278
4,8,13.2814,13.0744,10.6064,7,27.0704,33.2888,23.7195
4,8,13.2814,13.0744,10.6064,8,17.4551,17.8424,22.2494
4,8,13.2814,13.0744,10.6064,9,97.2093,115.5968,52.5599
4,8,13.2814,13.0744,10.6064,10,115.9276,125.0449,26.3247
4,8,13.4667,13.16,9.9299,6,33.3558,29.4386,39.8198
4,8,13.4667,13.16,9.9299,7,28.2356,24.3535,24.4811
4,8,13.4667,13.16,9.9299,8,17.4486,17.8062,24.144
4,8,13.4667,13.16,9.9299,9,101.6032,85.0099,25.6172
4,8,13.4667,13.16,9.9299,10,115.8543,116.1688,17.6725
4,8,13.6406,13.1565,9.8435,6,32.9329,30.7951,50.7888
4,8,13.6406,13.1565,9.8435,7,24.3238,26.1821,27.4589
4,8,13.6406,13.1565,9.8435,8,17.3927,18.4876,16.4506
4,8,13.6406,13.1565,9.8435,9,73.8661,109.8868,33.052
4,8,13.6406,13.1565,9.8435,10,117.0051,121.0934,22.4717
4,8,13.8774,13.9732,10.5651,6,28.599,32.6879,56.588
4,8,13.8774,13.9732,10.5651,7,23.2847,24.1979,30.9779
4,8,13.8774,13.9732,10.5651,8,17.6676,17.2802,10.2692
4,8,13.8774,13.9732,10.5651,9,66.7493,78.2728,124.7247
4,8,13.8774,13.9732,10.5651,10,111.0788,109.4313,82.3997
4,8,13.8095,13.1462,9.3179,6,31.7648,35.442,60.8598
4,8,13.8095,13.1462,9.3179,7,23.1974,24.3556,24.7509
4,8,13.8095,13.1462,9.3179,8,16.3151,17.0886,18.755
4,8,13.8095,13.1462,9.3179,9,71.735,108.4976,34.8444
4,8,13.8095,13.1462,9.3179,10,113.6022,110.7551,45.5089
4,9,11.429,11.5823,9.1178,6,59.9282,41.4968,42.5166
4,9,11.429,11.5823,9.1178,7,60.8729,52.125,22.5957
4,9,11.429,11.5823,9.1178,8,50.7611,52.9191,14.358
4,9,11.429,11.5823,9.1178,9,23.392,22.3913,25.8523
4,9,11.429,11.5823,9.1178,10,24.6032,27.8298,7.7117
4,9,11.5382,11.0662,9.1674,6,48.2712,34.1312,38.9434
4,9,11.5382,11.0662,9.1674,7,59.2452,55.66,34.8
4,9,11.5382,11.0662,9.1674,8,52.5935,62.6491,24.8989
4,9,11.5382,11.0662,9.1674,9,21.7039,24.7015,22.8658
4,9,11.5382,11.0662,9.1674,10,21.3942,26.1212,8.663
4,9,11.3759,11.0863,9.0207,6,42.0522,51.9382,28.1063
4,9,11.3759,11.0863,9.0207,7,57.7061,59.635,43.8239
4,9,11.3759,11.0863,9.0207,8,54.1695,59.8738,19.0345
4,9,11.3759,11.0863,9.0207,9,23.0185,25.5812,27.9105
4,9,11.3759,11.0863,9.0207,10,26.2582,26.6258,9.557
4,9,11.4945,11.1217,8.8776,6,34.7513,55.8644,30.562
4,9,11.4945,11.1217,8.8776,7,49.5449,56.4195,23.644
4,9,11.4945,11.1217,8.8776,8,51.728,53.7614,8.7835
4,9,11.4945,11.1217,8.8776,9,24.9132,23.8084,19.4844
4,9,11.4945,11.1217,8.8776,10,31.5458,32.1603,11.1724
4,9,11.4992,10.9594,9.86,6,40.3825,36.0469,42.1846
4,9,11.4992,10.9594,9.86,7,54.0092,55.2936,30.6211
4,9,11.4992,10.9594,9.86,8,51.6482,59.2072,25.6629
4,9,11.4992,10.9594,9.86,9,23.207,27.3104,24.6239
4,9,11.4992,10.9594,9.86,10,24.414,25.7495,13.2051
4,10,12.1088,11.6459,14.8057,6,31.085,44.3523,38.2733
4,10,12.1088,11.6459,14.8057,7,61.1218,61.6613,65.1325
4,10,12.1088,11.6459,14.8057,8,60.2578,55.4903,60.2416
4,10,12.1088,11.6459,14.8057,9,22.4032,20.8763,17.1383
4,10,12.1088,11.6459,14.8057,10,13.0072,15.2223,9.1126
4,10,12.2758,11.77,14.9881,6,32.9397,46.1082,59.3333
4,10,12.2758,11.77,14.9881,7,62.3215,65.9106,41.6049
4,10,12.2758,11.77,14.9881,8,61.3746,59.1443,22.9891
4,10,12.2758,11.77,14.9881,9,22.5534,21.0877,24.3939
4,10,12.2758,11.77,14.9881,10,12.0712,12.9266,7.6343
4,10,12.1117,11.7264,14.8312,6,34.3383,46.3392,68.777
4,10,12.1117,11.7264,14.8312,7,63.1024,62.2323,61.4218
4,10,12.1117,11.7264,14.8312,8,58.6183,53.2551,32.5081
4,10,12.1117,11.7264,14.8312,9,23.2657,21.2549,21.5079
4,10,12.1117,11.7264,14.8312,10,12.3121,14.6773,8.7639
4,10,12.2561,11.753,14.7938,6,31.8055,38.1422,103.3644
4,10,12.2561,11.753,14.7938,7,59.3116,63.502,40.4581
4,10,12.2561,11.753,14.7938,8,58.0647,55.9095,33.8065
4,10,12.2561,11.753,14.7938,9,22.7053,20.664,24.9856
4,10,12.2561,11.753,14.7938,10,12.4627,14.144,8.2107
4,10,12.0322,11.9592,14.6183,6,34.082,31.3053,17.0212
4,10,12.0322,11.9592,14.6183,7,62.8714,64.6592,18.2017
4,10,12.0322,11.9592,14.6183,8,55.8225,59.1884,9.0856
4,10,12.0322,11.9592,14.6183,9,24.0657,23.4117,19.4951
4,10,12.0322,11.9592,14.6183,10,12.9191,12.8812,10.2642
5,6,16.0272,15.8792,18.2229,6,26.2042,24.0178,55.461
5,6,16.0272,15.8792,18.2229,7,25.6469,26.3166,52.8021
5,6,16.0272,15.8792,18.2229,8,20.2082,20.9275,40.7449
5,6,16.0272,15.8792,18.2229,9,78.142,67.5731,138.8038
5,6,16.0272,15.8792,18.2229,10,77.3491,78.6583,99.0586
5,6,16.0008,15.8327,17.2074,6,24.8797,27.2233,38.5545
5,6,16.0008,15.8327,17.2074,7,26.465,26.599,52.0633
5,6,16.0008,15.8327,17.2074,8,20.0023,21.7417,17.5804
5,6,16.0008,15.8327,17.2074,9,70.6669,65.013,55.9393
5,6,16.0008,15.8327,17.2074,10,77.5341,77.5087,182.4278
5,6,15.9557,15.4482,19.8852,6,24.9773,25.8709,145.5332
5,6,15.9557,15.4482,19.8852,7,26.4522,25.4241,46.3951
5,6,15.9557,15.4482,19.8852,8,20.647,22.8564,39.7832
5,6,15.9557,15.4482,19.8852,9,73.5564,92.4885,62.0591
5,6,15.9557,15.4482,19.8852,10,80.6117,77.4261,157.4697
5,6,15.9534,15.5435,19.0362,6,25.5749,23.8964,102.9641
5,6,15.9534,15.5435,19.0362,7,27.2282,25.3639,37.7844
5,6,15.9534,15.5435,19.0362,8,21.393,23.7168,25.2149
5,6,15.9534,15.5435,19.0362,9,63.1948,89.9266,69.457
5,6,15.9534,15.5435,19.0362,10,78.0092,85.2886,115.9394
5,6,16.0093,15.9383,17.3369,6,25.9636,23.2233,127.0349
5,6,16.0093,15.9383,17.3369,7,26.0134,26.0637,40.4331
5,6,16.0093,15.9383,17.3369,8,20.8349,20.5866,24.9767
5,6,16.0093,15.9383,17.3369,9,74.573,67.2272,61.2382
5,6,16.0093,15.9383,17.3369,10,78.5461,77.2542,73.6748
5,7,15.0396,14.54,16.0983,6,21.5988,35.0903,13.5384
5,7,15.0396,14.54,16.0983,7,15.6094,16.4137,13.2945
5,7,15.0396,14.54,16.0983,8,20.2306,19.6976,10.3175
5,7,15.0396,14.54,16.0983,9,109.3211,167.648,64.1057
5,7,15.0396,14.54,16.0983,10,113.0209,124.8115,29.6392
5,7,14.6163,14.7515,18.1672,6,33.9494,30.403,57.0624
5,7,14.6163,14.7515,18.1672,7,15.7282,16.1687,18.576
5,7,14.6163,14.7515,18.1672,8,19.2065,19.4499,15.1745
5,7,14.6163,14.7515,18.1672,9,139.8333,172.9842,70.5484
5,7,14.6163,14.7515,18.1672,10,117.7105,125.7467,115.2495
5,7,14.8622,14.5624,15.6722,6,37.6674,29.4637,55.1741
5,7,14.8622,14.5624,15.6722,7,15.0091,16.2053,16.1163
5,7,14.8622,14.5624,15.6722,8,20.5782,21.7378,22.267
5,7,14.8622,14.5624,15.6722,9,146.36,122.5296,39.0868
5,7,14.8622,14.5624,15.6722,10,123.404,116.7526,26.68
5,7,14.7318,14.7167,15.122,6,30.2508,32.77,14.5156
5,7,14.7318,14.7167,15.122,7,15.0935,15.0221,12.4545
5,7,14.7318,14.7167,15.122,8,19.2189,20.2193,11.6186
5,7,14.7318,14.7167,15.122,9,132.539,158.0735,28.871
5,7,14.7318,14.7167,15.122,10,114.6375,127.9206,33.3707
5,7,14.6272,14.6622,15.1591,6,34.5369,37.1143,10.6972
5,7,14.6272,14.6622,15.1591,7,15.2648,15.0016,10.8582
5,7,14.6272,14.6622,15.1591,8,19.8415,19.117,6.072
5,7,14.6272,14.6622,15.1591,9,162.7195,159.248,45.9358
5,7,14.6272,14.6622,15.1591,10,127.0775,126.2263,23.3114
5,8,13.4051,13.0681,10.4651,6,33.8477,29.1713,75.8903
5,8,13.4051,13.0681,10.4651,7,26.4394,23.6282,65.1908
5,8,13.4051,13.0681,10.4651,8,18.0884,17.6694,74.2636
5,8,13.4051,13.0681,10.4651,9,78.2973,85.2966,60.3469
5,8,13.4051,13.0681,10.4651,10,117.5074,118.1104,148.4752
5,8,13.2949,13.1578,10.7862,6,30.702,29.7747,107.818
5,8,13.2949,13.1578,10.7862,7,24.3017,23.9742,43.5615
5,8,13.2949,13.1578,10.7862,8,17.9114,17.354,72.4154
5,8,13.2949,13.1578,10.7862,9,96.7095,108.7531,37.5106
5,8,13.2949,13.1578,10.7862,10,116.2837,113.8691,56.0781
5,8,13.2428,13.363,10.2842,6,30.83,33.8614,77.0939
5,8,13.2428,13.363,10.2842,7,24.654,25.471,23.4653
5,8,13.2428,13.363,10.2842,8,17.7773,17.1985,31.3969
5,8,13.2428,13.363,10.2842,9,107.8563,95.713,52.3239
5,8,13.2428,13.363,10.2842,10,116.459,118.7734,93.5509
5,8,13.6606,13.1465,10.281,6,32.7361,32.239,36.7133
5,8,13.6606,13.1465,10.281,7,23.4162,24.0129,28.9482
5,8,13.6606,13.1465,10.281,8,17.3804,17.6273,12.8856
5,8,13.6606,13.1465,10.281,9,72.3585,89.2724,43.3744
5,8,13.6606,13.1465,10.281,10,115.3205,123.6958,66.6268
5,8,13.6929,13.0758,10.8779,6,38.5837,33.5104,77.6468
5,8,13.6929,13.0758,10.8779,7,27.2582,24.6702,36.7135
5,8,13.6929,13.0758,10.8779,8,18.4107,17.5231,29.7949
5,8,13.6929,13.0758,10.8779,9,100.2231,85.4187,38.9219
5,8,13.6929,13.0758,10.8779,10,119.8033,119.7035,17.2183
5,9,11.6117,11.3589,10.296,6,42.7315,33.5829,18.4035
5,9,11.6117,11.3589,10.296,7,55.8974,48.3642,54.9515
5,9,11.6117,11.3589,10.296,8,53.3333,56.3197,44.7744
5,9,11.6117,11.3589,10.296,9,24.2291,25.3973,22.3267
5,9,11.6117,11.3589,10.296,10,27.8669,29.3334,15.0939
5,9,11.6391,11.0868,9.5423,6,43.7977,47.576,25.9629
5,9,11.6391,11.0868,9.5423,7,51.9089,54.0144,36.4343
5,9,11.6391,11.0868,9.5423,8,51.6629,56.3613,82.8256
5,9,11.6391,11.0868,9.5423,9,23.3423,25.5638,26.5152
5,9,11.6391,11.0868,9.5423,10,26.4246,25.744,20.9162
5,9,11.5307,11.0987,9.9901,6,41.8241,38.0167,21.4597
5,9,11.5307,11.0987,9.9901,7,53.2664,57.1289,23.3079
5,9,11.5307,11.0987,9.9901,8,50.4583,59.2684,15.3759
5,9,11.5307,11.0987,9.9901,9,23.7569,23.99,22.5296
5,9,11.5307,11.0987,9.9901,10,26.1963,23.1531,32.2363
5,9,11.4714,10.8375,9.1047,6,48.4583,107.1514,135.3671
5,9,11.4714,10.8375,9.1047,7,56.4877,69.9092,106.2961
5,9,11.4714,10.8375,9.1047,8,54.4775,80.5431,106.2192
5,9,11.4714,10.8375,9.1047,9,23.007,24.8288,19.2718
5,9,11.4714,10.8375,9.1047,10,26.1063,33.2021,25.0764
5,9,11.5806,10.9403,11.1903,6,36.9994,30.9933,27.4353
5,9,11.5806,10.9403,11.1903,7,49.2186,55.2227,61.01
5,9,11.5806,10.9403,11.1903,8,50.4908,62.8736,35.2548
5,9,11.5806,10.9403,11.1903,9,24.0874,27.4499,27.139
5,9,11.5806,10.9403,11.1903,10,25.0727,30.4133,61.806
5,10,12.6563,12.0754,15.7065,6,35.9998,30.6412,34.7591
5,10,12.6563,12.0754,15.7065,7,65.4025,62.0053,60.6457
5,10,12.6563,12.0754,15.7065,8,62.2229,57.4166,32.9508
5,10,12.6563,12.0754,15.7065,9,23.3589,24.1756,17.8655
5,10,12.6563,12.0754,15.7065,10,10.7971,12.1653,7.7493
5,10,12.2127,11.6427,16.0724,6,32.9836,42.1419,143.5174
5,10,12.2127,11.6427,16.0724,7,60.6968,60.2816,112.9158
5,10,12.2127,11.6427,16.0724,8,58.4487,55.6177,107.8717
5,10,12.2127,11.6427,16.0724,9,23.4939,22.3691,33.6353
5,10,12.2127,11.6427,16.0724,10,12.5192,13.1752,13.5553
5,10,12.0894,11.6129,16.525,6,31.3677,42.6228,232.1489
5,10,12.0894,11.6129,16.525,7,62.6563,61.6719,131.8985
5,10,12.0894,11.6129,16.525,8,58.0955,54.8324,150.1181
5,10,12.0894,11.6129,16.525,9,22.753,21.243,32.6233
5,10,12.0894,11.6129,16.525,10,12.1147,14.0922,13.1034
5,10,12.2766,11.7628,16.1913,6,31.9505,35.0005,107.9999
5,10,12.2766,11.7628,16.1913,7,61.8628,60.5669,74.8268
5,10,12.2766,11.7628,16.1913,8,62.3216,54.4448,80.8696
5,10,12.2766,11.7628,16.1913,9,22.3441,21.3297,31.0936
5,10,12.2766,11.7628,16.1913,10,11.8574,12.7836,26.6083
5,10,12.2388,11.5912,15.6291,6,35.5885,43.1457,170.8649
5,10,12.2388,11.5912,15.6291,7,61.8179,61.1731,101.3002
5,10,12.2388,11.5912,15.6291,8,60.2692,55.331,101.7986
5,10,12.2388,11.5912,15.6291,9,22.3217,21.4818,32.9263
5,10,12.2388,11.5912,15.6291,10,13.1645,13.6164,22.487
