1,1,19.1899,19.2013,14.8876,1,23.5604,23.3689,18.0266
1,1,19.1899,19.2013,14.8876,2,54.6141,54.1928,34.1022
1,1,19.1899,19.2013,14.8876,3,38.7471,38.0493,21.2939
1,1,19.1899,19.2013,14.8876,4,25.5532,25.1977,24.4589
1,1,19.1899,19.2013,14.8876,5,60.8196,60.1602,55.4121
1,1,19.1869,19.206,15.1055,1,23.59,23.0611,17.9643
1,1,19.1869,19.206,15.1055,2,54.5761,53.4223,33.3476
1,1,19.1869,19.206,15.1055,3,37.8631,36.7952,21.5267
1,1,19.1869,19.206,15.1055,4,24.9025,24.1452,25.218
1,1,19.1869,19.206,15.1055,5,59.8989,59.4634,55.5308
1,1,19.2043,19.2162,14.5025,1,23.1636,24.0265,17.2126
1,1,19.2043,19.2162,14.5025,2,53.3501,55.7266,31.817
1,1,19.2043,19.2162,14.5025,3,37.2889,39.6491,21.5331
1,1,19.2043,19.2162,14.5025,4,24.5901,26.2958,26.3479
1,1,19.2043,19.2162,14.5025,5,59.0512,61.5657,56.8623
1,1,19.1819,19.2941,14.4999,1,23.5448,24.2836,17.5931
1,1,19.1819,19.2941,14.4999,2,54.5293,56.5712,33.3001
1,1,19.1819,19.2941,14.4999,3,38.4552,41.226,21.7644
1,1,19.1819,19.2941,14.4999,4,25.3615,27.5672,25.7214
1,1,19.1819,19.2941,14.4999,5,60.7379,62.4678,56.0898
1,1,19.1895,19.2297,14.8739,1,23.1001,23.2414,17.998
1,1,19.1895,19.2297,14.8739,2,53.5508,54.1024,33.5391
1,1,19.1895,19.2297,14.8739,3,36.5861,36.951,22.0798
1,1,19.1895,19.2297,14.8739,4,23.8332,24.1655,26.0527
1,1,19.1895,19.2297,14.8739,5,58.6732,59.973,57.5392
1,2,19.8739,19.7823,17.3312,1,22.4583,23.6891,20.2384
1,2,19.8739,19.7823,17.3312,2,27.0084,27.2316,25.7996
1,2,19.8739,19.7823,17.3312,3,10.3653,10.8196,8.4031
1,2,19.8739,19.7823,17.3312,4,11.0446,10.5843,12.7363
1,2,19.8739,19.7823,17.3312,5,31.6522,31.6085,32.7697
1,2,19.8891,19.7892,17.0319,1,21.7801,22.7433,19.6112
1,2,19.8891,19.7892,17.0319,2,27.4956,27.4124,25.3858
1,2,19.8891,19.7892,17.0319,3,11.1516,11.0915,8.2765
1,2,19.8891,19.7892,17.0319,4,11.1916,10.4455,12.4082
1,2,19.8891,19.7892,17.0319,5,32.6882,31.9246,32.7752
1,2,19.9413,19.9011,18.0845,1,23.2317,21.883,21.8841
1,2,19.9413,19.9011,18.0845,2,26.4838,27.5392,26.6157
1,2,19.9413,19.9011,18.0845,3,9.7279,11.0362,9.1357
1,2,19.9413,19.9011,18.0845,4,11.8156,10.6338,12.2833
1,2,19.9413,19.9011,18.0845,5,31.2549,32.3099,29.1862
1,2,19.8831,19.8207,17.3021,1,22.2167,22.8707,19.516
1,2,19.8831,19.8207,17.3021,2,27.1692,27.3456,26.3414
1,2,19.8831,19.8207,17.3021,3,10.8156,11.2295,8.4825
1,2,19.8831,19.8207,17.3021,4,11.0388,10.6485,12.4205
1,2,19.8831,19.8207,17.3021,5,32.2083,31.9296,32.5116
1,2,19.8786,19.948,17.6973,1,22.1172,21.6807,21.139
1,2,19.8786,19.948,17.6973,2,27.1801,27.6618,25.3993
1,2,19.8786,19.948,17.6973,3,10.6403,11.1848,8.605
1,2,19.8786,19.948,17.6973,4,11.0932,10.4853,12.1678
1,2,19.8786,19.948,17.6973,5,32.1018,32.4119,31.4346
1,3,12.1934,12.0222,12.1528,1,24.0434,26.1789,24.6524
1,3,12.1934,12.0222,12.1528,2,26.2419,26.0237,29.1669
1,3,12.1934,12.0222,12.1528,3,9.7757,9.5549,9.1665
1,3,12.1934,12.0222,12.1528,4,10.1515,10.2689,10.6442
1,3,12.1934,12.0222,12.1528,5,30.1052,29.0514,28.0243
1,3,12.0408,11.9898,12.1476,1,26.0148,26.6597,23.4563
1,3,12.0408,11.9898,12.1476,2,26.5587,26.5426,29.1724
1,3,12.0408,11.9898,12.1476,3,9.6595,9.9371,9.2671
1,3,12.0408,11.9898,12.1476,4,10.0882,10.0067,10.7019
1,3,12.0408,11.9898,12.1476,5,29.063,28.8527,28.2272
1,3,12.1844,12.0034,12.2141,1,24.3169,26.5843,23.8851
1,3,12.1844,12.0034,12.2141,2,26.0533,26.2346,27.4496
1,3,12.1844,12.0034,12.2141,3,9.5196,9.5048,9.1182
1,3,12.1844,12.0034,12.2141,4,10.3135,10.5119,11.5402
1,3,12.1844,12.0034,12.2141,5,29.6238,29.0102,28.3566
1,3,12.2089,12.0334,12.2922,1,24.65,26.095,25.1716
1,3,12.2089,12.0334,12.2922,2,26.0665,26.5851,30.1804
1,3,12.2089,12.0334,12.2922,3,9.4608,9.8377,9.4438
1,3,12.2089,12.0334,12.2922,4,10.3316,9.8609,11.015
1,3,12.2089,12.0334,12.2922,5,29.3822,29.2487,27.9928
1,3,12.205,12.0269,12.4276,1,24.017,27.7717,25.2721
1,3,12.205,12.0269,12.4276,2,26.3169,26.8042,30.8988
1,3,12.205,12.0269,12.4276,3,9.6248,10.081,9.3853
1,3,12.205,12.0269,12.4276,4,10.2078,9.9867,10.814
1,3,12.205,12.0269,12.4276,5,29.666,28.9604,29.1138
1,4,10.9687,10.9501,11.2836,1,30.5727,30.7621,40.7331
1,4,10.9687,10.9501,11.2836,2,34.7693,34.5218,39.3545
1,4,10.9687,10.9501,11.2836,3,17.1797,17.4883,14.3629
1,4,10.9687,10.9501,11.2836,4,8.7099,8.6742,9.9942
1,4,10.9687,10.9501,11.2836,5,22.2389,22.17,19.5957
1,4,10.9886,10.9654,11.4323,1,30.1639,30.5276,44.7121
1,4,10.9886,10.9654,11.4323,2,35.0479,34.7077,42.2326
1,4,10.9886,10.9654,11.4323,3,17.5356,17.6667,15.0483
1,4,10.9886,10.9654,11.4323,4,8.7583,8.8503,10.2865
1,4,10.9886,10.9654,11.4323,5,22.7106,22.4306,19.9874
1,4,10.9892,10.966,11.1944,1,29.9548,31.0729,39.8532
1,4,10.9892,10.966,11.1944,2,35.0742,34.4293,40.1713
1,4,10.9892,10.966,11.1944,3,17.4374,17.7155,14.8839
1,4,10.9892,10.966,11.1944,4,8.7663,8.79,10.1395
1,4,10.9892,10.966,11.1944,5,22.8021,22.0771,20.2186
1,4,10.9394,10.9712,11.1796,1,30.7618,30.8057,43.9229
1,4,10.9394,10.9712,11.1796,2,34.9725,34.8081,42.8454
1,4,10.9394,10.9712,11.1796,3,17.6236,17.6763,15.1684
1,4,10.9394,10.9712,11.1796,4,8.8221,8.8501,10.0379
1,4,10.9394,10.9712,11.1796,5,22.5615,22.464,21.1385
1,4,10.99,10.9792,11.1835,1,29.803,29.937,38.1097
1,4,10.99,10.9792,11.1835,2,35.563,34.6157,39.7252
1,4,10.99,10.9792,11.1835,3,17.9477,17.4741,14.8124
1,4,10.99,10.9792,11.1835,4,8.8173,8.6853,10.2498
1,4,10.99,10.9792,11.1835,5,23.1074,22.6569,20.2497
1,5,12.2519,12.2995,9.9523,1,44.5658,43.9517,22.947
1,5,12.2519,12.2995,9.9523,2,42.7367,42.9558,28.0212
1,5,12.2519,12.2995,9.9523,3,26.0963,25.8553,10.1595
1,5,12.2519,12.2995,9.9523,4,15.4252,15.523,8.2332
1,5,12.2519,12.2995,9.9523,5,20.3151,21.0753,17.6799
1,5,12.2772,12.3353,10.308,1,44.509,44.229,26.4138
1,5,12.2772,12.3353,10.308,2,43.3631,42.5748,27.0089
1,5,12.2772,12.3353,10.308,3,26.6795,25.891,9.6557
1,5,12.2772,12.3353,10.308,4,15.9792,15.3715,8.0889
1,5,12.2772,12.3353,10.308,5,20.6166,20.9736,18.4257
1,5,12.4958,12.3381,10.4415,1,42.7964,44.3622,24.4156
1,5,12.4958,12.3381,10.4415,2,41.502,43.0086,27.252
1,5,12.4958,12.3381,10.4415,3,25.9236,26.7713,9.4814
1,5,12.4958,12.3381,10.4415,4,15.5773,16.0608,8.1332
1,5,12.4958,12.3381,10.4415,5,20.3793,21.1888,18.3592
1,5,12.2502,12.2939,10.4487,1,43.3328,43.3609,24.1053
1,5,12.2502,12.2939,10.4487,2,42.5477,44.0299,29.0275
1,5,12.2502,12.2939,10.4487,3,25.8463,25.9422,10.2098
1,5,12.2502,12.2939,10.4487,4,15.4244,15.656,8.3704
1,5,12.2502,12.2939,10.4487,5,20.4226,21.7021,18.7172
1,5,12.2841,12.3564,10.448,1,42.9895,44.7118,24.1531
1,5,12.2841,12.3564,10.448,2,41.9033,42.5807,28.4281
1,5,12.2841,12.3564,10.448,3,25.998,26.2149,9.8422
1,5,12.2841,12.3564,10.448,4,15.4902,15.5736,8.1723
1,5,12.2841,12.3564,10.448,5,20.3503,20.9998,18.8257
2,1,19.1456,19.1885,15.2317,1,23.288,23.4162,18.1426
2,1,19.1456,19.1885,15.2317,2,54.371,54.3593,31.9655
2,1,19.1456,19.1885,15.2317,3,37.8297,37.6826,20.5036
2,1,19.1456,19.1885,15.2317,4,24.7727,24.6,21.0339
2,1,19.1456,19.1885,15.2317,5,61.2354,60.153,43.5388
2,1,19.173,19.3369,15.6186,1,22.7663,24.5778,19.2287
2,1,19.173,19.3369,15.6186,2,52.5126,57.3502,32.5742
2,1,19.173,19.3369,15.6186,3,35.3658,41.2269,19.206
2,1,19.173,19.3369,15.6186,4,23.2827,27.0782,18.9923
2,1,19.173,19.3369,15.6186,5,58.3541,62.8533,43.9319
2,1,19.1135,19.2235,15.4493,1,23.7517,22.9425,18.5379
2,1,19.1135,19.2235,15.4493,2,55.2516,53.3498,33.9237
2,1,19.1135,19.2235,15.4493,3,38.5478,36.0279,22.9523
2,1,19.1135,19.2235,15.4493,4,25.5957,23.612,24.1944
2,1,19.1135,19.2235,15.4493,5,61.567,59.2724,47.4693
2,1,19.1409,19.1597,15.3486,1,23.3731,23.4482,18.4861
2,1,19.1409,19.1597,15.3486,2,54.7188,54.6061,31.7622
2,1,19.1409,19.1597,15.3486,3,37.3014,38.0126,19.4334
2,1,19.1409,19.1597,15.3486,4,24.5673,25.1911,20.3298
2,1,19.1409,19.1597,15.3486,5,60.9862,60.4679,44.1201
2,1,19.2001,19.1972,15.6245,1,23.4359,23.3228,18.6303
2,1,19.2001,19.1972,15.6245,2,54.6223,54.2205,32.854
2,1,19.2001,19.1972,15.6245,3,38.2577,36.7143,21.9539
2,1,19.2001,19.1972,15.6245,4,26.8956,24.0801,23.3907
2,1,19.2001,19.1972,15.6245,5,60.0572,59.8636,45.3702
2,2,19.8633,19.8206,17.4419,1,22.5167,22.5631,20.5059
2,2,19.8633,19.8206,17.4419,2,26.8947,26.9446,24.8353
2,2,19.8633,19.8206,17.4419,3,10.261,10.4725,8.0388
2,2,19.8633,19.8206,17.4419,4,11.0673,11.0428,12.3777
2,2,19.8633,19.8206,17.4419,5,31.3363,31.6939,29.7706
2,2,19.8584,19.904,17.4965,1,22.7076,22.3356,19.8602
2,2,19.8584,19.904,17.4965,2,26.8064,27.6333,24.9573
2,2,19.8584,19.904,17.4965,3,10.0414,10.7648,8.2285
2,2,19.8584,19.904,17.4965,4,11.147,10.5759,12.2952
2,2,19.8584,19.904,17.4965,5,31.2787,32.1089,28.84
2,2,19.9053,19.8806,18.2328,1,23.1684,22.0915,20.8434
2,2,19.9053,19.8806,18.2328,2,26.5312,27.1863,25.7629
2,2,19.9053,19.8806,18.2328,3,9.9,10.7447,9.0152
2,2,19.9053,19.8806,18.2328,4,11.637,10.6306,11.9182
2,2,19.9053,19.8806,18.2328,5,31.2651,32.1252,30.7581
2,2,19.8969,19.812,17.9563,1,22.1827,22.9023,20.7787
2,2,19.8969,19.812,17.9563,2,27.2461,26.917,25.6879
2,2,19.8969,19.812,17.9563,3,10.5022,10.6195,8.905
2,2,19.8969,19.812,17.9563,4,11.25,11.1156,11.3522
2,2,19.8969,19.812,17.9563,5,32.2183,31.6696,28.5319
2,2,19.8659,19.7839,18.3269,1,22.153,23.2141,21.2156
2,2,19.8659,19.7839,18.3269,2,27.1313,26.7971,25.0788
2,2,19.8659,19.7839,18.3269,3,10.7157,10.482,8.8224
2,2,19.8659,19.7839,18.3269,4,10.8574,10.9664,11.5862
2,2,19.8659,19.7839,18.3269,5,31.9424,31.5828,28.0285
2,3,12.1898,12.019,12.6794,1,23.6954,27.6778,23.1639
2,3,12.1898,12.019,12.6794,2,26.2931,26.4032,28.8738
2,3,12.1898,12.019,12.6794,3,9.6754,9.4956,10.4622
2,3,12.1898,12.019,12.6794,4,10.4452,10.5495,12.8624
2,3,12.1898,12.019,12.6794,5,29.463,29.1053,29.819
2,3,12.1641,11.983,13.3902,1,24.2588,26.7955,24.0009
2,3,12.1641,11.983,13.3902,2,26.6679,26.3297,29.3106
2,3,12.1641,11.983,13.3902,3,9.7056,9.7614,10.6661
2,3,12.1641,11.983,13.3902,4,10.156,10.2274,13.0226
2,3,12.1641,11.983,13.3902,5,29.3481,29.0849,29.577
2,3,12.1763,11.9834,12.8359,1,24.0031,27.1121,22.6353
2,3,12.1763,11.9834,12.8359,2,26.2866,26.3535,30.5769
2,3,12.1763,11.9834,12.8359,3,9.7271,9.7883,10.7398
2,3,12.1763,11.9834,12.8359,4,10.1691,10.3327,12.1812
2,3,12.1763,11.9834,12.8359,5,29.4684,29.0235,30.3507
2,3,12.1903,12.0349,12.574,1,23.4586,26.9109,22.5912
2,3,12.1903,12.0349,12.574,2,26.5741,26.8402,28.9351
2,3,12.1903,12.0349,12.574,3,9.916,10.1752,10.1701
2,3,12.1903,12.0349,12.574,4,10.0198,9.9271,12.2573
2,3,12.1903,12.0349,12.574,5,29.9675,29.2474,29.1545
2,3,12.2372,12.0977,12.9331,1,23.8449,25.1335,24.6476
2,3,12.2372,12.0977,12.9331,2,26.4508,25.8051,30.9309
2,3,12.2372,12.0977,12.9331,3,9.9362,9.47,10.492
2,3,12.2372,12.0977,12.9331,4,10.0927,10.6385,12.5043
2,3,12.2372,12.0977,12.9331,5,30.0178,29.1367,30.187
2,4,10.9803,10.9987,11.214,1,30.3717,30.7985,34.7185
2,4,10.9803,10.9987,11.214,2,35.4025,34.8945,39.3566
2,4,10.9803,10.9987,11.214,3,17.4859,17.973,11.8148
2,4,10.9803,10.9987,11.214,4,8.7949,8.9034,9.4506
2,4,10.9803,10.9987,11.214,5,22.4927,22.4936,18.674
2,4,10.9706,10.9759,10.5509,1,30.3318,30.1269,30.7881
2,4,10.9706,10.9759,10.5509,2,35.0396,35.0036,33.5473
2,4,10.9706,10.9759,10.5509,3,17.3781,17.8792,10.4663
2,4,10.9706,10.9759,10.5509,4,8.7193,8.789,8.8865
2,4,10.9706,10.9759,10.5509,5,22.4949,22.725,17.5702
2,4,11.0263,10.9949,11.215,1,30.1041,30.0067,31.2911
2,4,11.0263,10.9949,11.215,2,35.7744,35.0568,37.5044
2,4,11.0263,10.9949,11.215,3,18.2945,17.8009,11.3259
2,4,11.0263,10.9949,11.215,4,8.9737,8.7719,9.5032
2,4,11.0263,10.9949,11.215,5,23.2026,22.8055,18.4344
2,4,10.9653,10.9564,10.5484,1,30.0463,30.7755,33.8688
2,4,10.9653,10.9564,10.5484,2,35.1665,34.4817,38.9929
2,4,10.9653,10.9564,10.5484,3,17.4218,17.4718,11.3778
2,4,10.9653,10.9564,10.5484,4,8.7185,8.7709,8.9213
2,4,10.9653,10.9564,10.5484,5,22.8508,22.1579,18.322
2,4,10.9669,11.0076,10.7125,1,30.7093,29.8247,31.053
2,4,10.9669,11.0076,10.7125,2,35.1387,35.0134,37.6733
2,4,10.9669,11.0076,10.7125,3,17.5745,17.5863,11.306
2,4,10.9669,11.0076,10.7125,4,8.8471,8.8279,8.9042
2,4,10.9669,11.0076,10.7125,5,22.4154,22.9197,19.484
2,5,12.2182,12.3213,9.8073,1,45.5519,44.6609,25.1757
2,5,12.2182,12.3213,9.8073,2,42.8441,43.7379,27.0401
2,5,12.2182,12.3213,9.8073,3,25.9744,27.532,8.8641
2,5,12.2182,12.3213,9.8073,4,15.4634,16.5158,8.2233
2,5,12.2182,12.3213,9.8073,5,19.8809,21.1491,16.716
2,5,12.259,12.3049,9.6252,1,45.2,44.6259,25.2984
2,5,12.259,12.3049,9.6252,2,43.3147,43.9189,28.0982
2,5,12.259,12.3049,9.6252,3,25.8629,26.8744,9.7809
2,5,12.259,12.3049,9.6252,4,15.1708,16.2633,8.4495
2,5,12.259,12.3049,9.6252,5,19.9449,21.5586,16.2726
2,5,12.4053,12.3239,9.5568,1,44.0993,43.3218,27.6965
2,5,12.4053,12.3239,9.5568,2,42.8687,42.914,25.4114
2,5,12.4053,12.3239,9.5568,3,26.2952,25.2949,8.597
2,5,12.4053,12.3239,9.5568,4,15.6297,15.3569,7.9684
2,5,12.4053,12.3239,9.5568,5,20.5014,21.0381,16.1447
2,5,12.235,12.3051,9.6353,1,44.7478,44.6469,32.9271
2,5,12.235,12.3051,9.6353,2,42.984,44.0372,25.0567
2,5,12.235,12.3051,9.6353,3,26.4188,26.6768,9.182
2,5,12.235,12.3051,9.6353,4,15.8364,16.1408,8.0396
2,5,12.235,12.3051,9.6353,5,20.175,21.398,16.3838
2,5,12.2748,12.3483,9.9672,1,44.6763,43.988,26.5338
2,5,12.2748,12.3483,9.9672,2,43.834,42.9023,26.9415
2,5,12.2748,12.3483,9.9672,3,27.7329,25.686,9.279
2,5,12.2748,12.3483,9.9672,4,16.6259,15.5473,8.1665
2,5,12.2748,12.3483,9.9672,5,20.9232,21.0138,17.0514
3,1,19.1356,19.1989,14.9045,1,24.0105,23.2671,17.6272
3,1,19.1356,19.1989,14.9045,2,55.2611,54.0483,30.0727
3,1,19.1356,19.1989,14.9045,3,39.3984,37.0313,18.2166
3,1,19.1356,19.1989,14.9045,4,26.6409,24.5337,14.9692
3,1,19.1356,19.1989,14.9045,5,61.2036,59.9268,30.9924
3,1,19.1236,19.1517,15.4425,1,22.9696,24.1805,16.8011
3,1,19.1236,19.1517,15.4425,2,53.2471,56.1622,26.9588
3,1,19.1236,19.1517,15.4425,3,36.6225,39.3524,18.3179
3,1,19.1236,19.1517,15.4425,4,24.147,26.8897,18.3017
3,1,19.1236,19.1517,15.4425,5,59.9006,61.2844,45.7143
3,1,19.1268,19.2463,15.4554,1,23.6217,23.8191,19.2279
3,1,19.1268,19.2463,15.4554,2,55.0328,55.6975,36.1281
3,1,19.1268,19.2463,15.4554,3,38.9035,38.3152,22.6141
3,1,19.1268,19.2463,15.4554,4,26.2465,24.7965,19.2746
3,1,19.1268,19.2463,15.4554,5,61.817,61.1899,36.7841
3,1,19.1381,19.2159,15.1584,1,23.1245,23.4595,17.5641
3,1,19.1381,19.2159,15.1584,2,53.5465,54.6369,32.3903
3,1,19.1381,19.2159,15.1584,3,35.9647,38.612,19.9079
3,1,19.1381,19.2159,15.1584,4,24.0295,25.3494,19.1348
3,1,19.1381,19.2159,15.1584,5,59.5732,60.9722,39.5972
3,1,19.1378,19.1441,15.0391,1,23.1438,23.5591,18.2819
3,1,19.1378,19.1441,15.0391,2,53.2574,54.8635,31.2046
3,1,19.1378,19.1441,15.0391,3,36.8246,38.0906,21.32
3,1,19.1378,19.1441,15.0391,4,24.5902,25.4963,20.0603
3,1,19.1378,19.1441,15.0391,5,59.52,60.7217,40.4296
3,2,19.7022,19.8784,17.3203,1,23.4944,22.0514,22.5386
3,2,19.7022,19.8784,17.3203,2,26.8041,27.385,26.3875
3,2,19.7022,19.8784,17.3203,3,10.398,10.8191,11.7487
3,2,19.7022,19.8784,17.3203,4,10.7704,10.6112,16.4202
3,2,19.7022,19.8784,17.3203,5,31.0988,32.1108,41.6801
3,2,19.8592,19.8483,18.2942,1,22.1553,22.3759,20.4227
3,2,19.8592,19.8483,18.2942,2,27.319,26.9041,26.1292
3,2,19.8592,19.8483,18.2942,3,11.0419,10.3569,9.0882
3,2,19.8592,19.8483,18.2942,4,11.0145,10.9944,11.4771
3,2,19.8592,19.8483,18.2942,5,32.265,31.7321,21.8614
3,2,19.5812,19.8294,18.3851,1,22.8242,22.4695,20.8971
3,2,19.5812,19.8294,18.3851,2,26.9919,27.1109,25.0766
3,2,19.5812,19.8294,18.3851,3,10.6551,10.6511,8.7451
3,2,19.5812,19.8294,18.3851,4,10.5175,10.7506,11.077
3,2,19.5812,19.8294,18.3851,5,31.2721,31.8358,19.354
3,2,19.8928,19.733,17.9188,1,21.9179,23.2577,21.3249
3,2,19.8928,19.733,17.9188,2,27.6509,26.9796,26.1018
3,2,19.8928,19.733,17.9188,3,11.2265,10.4651,8.3061
3,2,19.8928,19.733,17.9188,4,10.8486,10.951,9.1863
3,2,19.8928,19.733,17.9188,5,32.5226,31.6436,25.6618
3,2,19.8716,19.9825,17.6028,1,23.6106,22.0362,18.5528
3,2,19.8716,19.9825,17.6028,2,26.2588,27.5623,26.2206
3,2,19.8716,19.9825,17.6028,3,9.6314,11.0335,8.7323
3,2,19.8716,19.9825,17.6028,4,11.8648,10.5303,12.4378
3,2,19.8716,19.9825,17.6028,5,30.762,32.1481,30.8941
3,3,12.0511,12.0159,12.7296,1,24.4521,28.059,19.2961
3,3,12.0511,12.0159,12.7296,2,26.6884,26.7424,24.223
3,3,12.0511,12.0159,12.7296,3,9.9044,9.9134,9.6319
3,3,12.0511,12.0159,12.7296,4,10.0978,10.3942,12.612
3,3,12.0511,12.0159,12.7296,5,29.6557,29.2972,25.1517
3,3,12.1957,11.9716,12.5124,1,24.3468,27.5317,19.9891
3,3,12.1957,11.9716,12.5124,2,26.1087,26.5582,28.3499
3,3,12.1957,11.9716,12.5124,3,9.5824,9.7415,10.0329
3,3,12.1957,11.9716,12.5124,4,10.4675,10.3143,13.3594
3,3,12.1957,11.9716,12.5124,5,29.8828,28.7323,36.6503
3,3,12.0007,12.0047,12.5668,1,26.7063,27.4757,23.6509
3,3,12.0007,12.0047,12.5668,2,26.1095,26.2197,33.6021
3,3,12.0007,12.0047,12.5668,3,9.6305,9.6746,10.9068
3,3,12.0007,12.0047,12.5668,4,10.6559,10.658,12.8408
3,3,12.0007,12.0047,12.5668,5,28.9544,28.9524,70.756
3,3,12.0344,12.0431,12.2672,1,27.7268,25.4251,20.7901
3,3,12.0344,12.0431,12.2672,2,26.1542,26.2143,30.6132
3,3,12.0344,12.0431,12.2672,3,9.2514,9.6625,9.5898
3,3,12.0344,12.0431,12.2672,4,10.4561,10.1957,12.2975
3,3,12.0344,12.0431,12.2672,5,28.5414,29.3399,49.5619
3,3,12.1675,11.9921,13.1095,1,24.7734,27.113,20.1738
3,3,12.1675,11.9921,13.1095,2,26.2812,26.2359,33.9931
3,3,12.1675,11.9921,13.1095,3,9.523,9.684,10.2171
3,3,12.1675,11.9921,13.1095,4,10.4598,10.5938,15.7357
3,3,12.1675,11.9921,13.1095,5,29.6569,28.9251,87.4461
3,4,10.9692,10.9678,10.7185,1,29.7126,30.2987,49.0399
3,4,10.9692,10.9678,10.7185,2,35.0031,35.2823,43.4387
3,4,10.9692,10.9678,10.7185,3,17.3617,18.0234,14.4782
3,4,10.9692,10.9678,10.7185,4,8.6951,8.8798,9.8425
3,4,10.9692,10.9678,10.7185,5,22.7911,22.7279,16.869
3,4,10.9636,10.9321,10.9701,1,30.4682,30.3543,25.3841
3,4,10.9636,10.9321,10.9701,2,35.2518,35.3055,32.339
3,4,10.9636,10.9321,10.9701,3,17.4423,17.7283,11.1387
3,4,10.9636,10.9321,10.9701,4,8.7465,8.8174,8.9895
3,4,10.9636,10.9321,10.9701,5,22.4018,22.8536,16.6569
3,4,11.0139,10.9571,10.5063,1,32.1701,30.0483,35.2672
3,4,11.0139,10.9571,10.5063,2,35.4413,34.4729,43.1166
3,4,11.0139,10.9571,10.5063,3,17.5582,17.4342,13.7416
3,4,11.0139,10.9571,10.5063,4,8.8232,8.6582,8.6261
3,4,11.0139,10.9571,10.5063,5,22.0029,22.5703,18.4119
3,4,10.959,10.975,11.0456,1,30.5014,30.2604,36.8354
3,4,10.959,10.975,11.0456,2,35.1776,35.7497,48.4181
3,4,10.959,10.975,11.0456,3,17.9331,18.3386,12.2753
3,4,10.959,10.975,11.0456,4,8.8915,8.9729,8.3775
3,4,10.959,10.975,11.0456,5,22.73,23.0826,21.6091
3,4,10.9616,10.9736,10.614,1,30.4348,30.4307,43.1709
3,4,10.9616,10.9736,10.614,2,35.4616,34.9335,42.1745
3,4,10.9616,10.9736,10.614,3,17.7345,17.6235,13.4583
3,4,10.9616,10.9736,10.614,4,8.7621,8.7414,9.437
3,4,10.9616,10.9736,10.614,5,22.6806,22.5157,17.2649
3,5,12.1822,12.3682,10.4539,1,43.5305,43.854,39.6946
3,5,12.1822,12.3682,10.4539,2,42.8508,42.0022,25.5748
3,5,12.1822,12.3682,10.4539,3,26.0545,25.8378,8.607
3,5,12.1822,12.3682,10.4539,4,15.3484,15.4297,8.5484
3,5,12.1822,12.3682,10.4539,5,20.6517,20.7701,17.7618
3,5,12.4265,12.2322,9.2618,1,44.1323,43.8928,23.1574
3,5,12.4265,12.2322,9.2618,2,43.3643,42.6918,25.4714
3,5,12.4265,12.2322,9.2618,3,26.1701,26.3122,8.7031
3,5,12.4265,12.2322,9.2618,4,15.2775,16.0332,8.1564
3,5,12.4265,12.2322,9.2618,5,20.5166,20.8849,15.7802
3,5,12.2258,12.2998,9.7134,1,43.7667,44.7479,24.5692
3,5,12.2258,12.2998,9.7134,2,43.1356,42.3862,24.1012
3,5,12.2258,12.2998,9.7134,3,26.4885,25.668,8.757
3,5,12.2258,12.2998,9.7134,4,15.5711,15.3533,8.8839
3,5,12.2258,12.2998,9.7134,5,20.1242,20.2555,14.6859
3,5,12.201,12.3319,9.9736,1,43.3725,45.5247,37.3171
3,5,12.201,12.3319,9.9736,2,43.3395,42.9812,29.4462
3,5,12.201,12.3319,9.9736,3,26.7425,25.99,9.7756
3,5,12.201,12.3319,9.9736,4,16.1619,15.6331,8.9624
3,5,12.201,12.3319,9.9736,5,20.8777,20.6197,16.1896
3,5,12.1898,12.3831,9.6069,1,42.5864,44.659,27.4457
3,5,12.1898,12.3831,9.6069,2,42.3449,42.4932,23.7096
3,5,12.1898,12.3831,9.6069,3,25.627,26.4032,6.7732
3,5,12.1898,12.3831,9.6069,4,15.0636,15.6587,7.4132
3,5,12.1898,12.3831,9.6069,5,20.688,20.9834,16.3341
4,1,19.2041,19.1436,15.6824,1,24.0487,23.324,17.3564
4,1,19.2041,19.1436,15.6824,2,55.4612,54.0507,31.6695
4,1,19.2041,19.1436,15.6824,3,40.2702,37.0544,19.3949
4,1,19.2041,19.1436,15.6824,4,27.791,24.5532,19.3855
4,1,19.2041,19.1436,15.6824,5,61.6972,60.2021,34.7577
4,1,19.0495,19.1683,15.8001,1,23.661,23.5209,19.8057
4,1,19.0495,19.1683,15.8001,2,53.3749,54.4156,41.6985
4,1,19.0495,19.1683,15.8001,3,35.3868,38.3336,30.2716
4,1,19.0495,19.1683,15.8001,4,24.2054,25.6087,35.1328
4,1,19.0495,19.1683,15.8001,5,58.8385,60.6057,113.9671
4,1,19.1011,19.263,15.3777,1,24.1633,23.5801,18.9841
4,1,19.1011,19.263,15.3777,2,54.5817,54.3601,42.8145
4,1,19.1011,19.263,15.3777,3,38.0541,38.7582,24.0504
4,1,19.1011,19.263,15.3777,4,26.7909,26.6333,24.1726
4,1,19.1011,19.263,15.3777,5,60.343,60.545,152.5749
4,1,19.1424,19.2302,16.3514,1,23.3913,23.3373,19.6054
4,1,19.1424,19.2302,16.3514,2,52.602,54.3122,49.9029
4,1,19.1424,19.2302,16.3514,3,37.4885,37.577,32.5856
4,1,19.1424,19.2302,16.3514,4,25.2349,24.2123,21.0832
4,1,19.1424,19.2302,16.3514,5,59.2883,60.342,42.5162
4,1,19.1245,19.2435,15.025,1,22.8265,23.2051,18.4254
4,1,19.1245,19.2435,15.025,2,53.2786,53.015,33.1083
4,1,19.1245,19.2435,15.025,3,35.7887,35.9642,22.3232
4,1,19.1245,19.2435,15.025,4,23.8332,23.2649,22.5083
4,1,19.1245,19.2435,15.025,5,59.1938,59.5256,41.3476
4,2,19.8566,19.8405,17.2417,1,21.7678,22.2986,18.1639
4,2,19.8566,19.8405,17.2417,2,27.7766,27.3528,24.5115
4,2,19.8566,19.8405,17.2417,3,11.5512,11.0804,8.9988
4,2,19.8566,19.8405,17.2417,4,11.0611,10.6006,13.1114
4,2,19.8566,19.8405,17.2417,5,32.7265,32.1645,29.1699
4,2,19.7119,19.9673,18.2853,1,22.7733,21.9487,21.8477
4,2,19.7119,19.9673,18.2853,2,27.6553,27.3118,25.9555
4,2,19.7119,19.9673,18.2853,3,11.8645,10.7577,8.8771
4,2,19.7119,19.9673,18.2853,4,11.0871,10.7305,10.1939
4,2,19.7119,19.9673,18.2853,5,32.612,32.2746,22.4445
4,2,19.6627,19.6436,18.051,1,21.6956,21.4378,24.7005
4,2,19.6627,19.6436,18.051,2,27.3669,27.7988,26.4406
4,2,19.6627,19.6436,18.051,3,10.3184,11.2964,11.3702
4,2,19.6627,19.6436,18.051,4,11.2655,9.9565,13.9758
4,2,19.6627,19.6436,18.051,5,31.8135,31.5074,41.3539
4,2,19.5961,19.7407,17.8095,1,23.1028,23.3607,25.9209
4,2,19.5961,19.7407,17.8095,2,27.2041,26.9395,26.3087
4,2,19.5961,19.7407,17.8095,3,10.6102,10.4738,11.9295
4,2,19.5961,19.7407,17.8095,4,10.7216,11.0118,25.5483
4,2,19.5961,19.7407,17.8095,5,31.5065,31.5566,129.0174
4,2,19.6029,19.6238,17.1027,1,22.8479,23.0939,20.9706
4,2,19.6029,19.6238,17.1027,2,26.752,26.649,23.597
4,2,19.6029,19.6238,17.1027,3,9.9279,10.142,7.8197
4,2,19.6029,19.6238,17.1027,4,11.0511,10.8627,8.3479
4,2,19.6029,19.6238,17.1027,5,30.6763,31.2042,18.1408
4,3,12.0266,11.962,12.4146,1,26.3324,26.6863,18.7639
4,3,12.0266,11.962,12.4146,2,26.9403,26.4309,29.449
4,3,12.0266,11.962,12.4146,3,10.0699,9.7705,10.2777
4,3,12.0266,11.962,12.4146,4,10.3129,10.5798,12.5905
4,3,12.0266,11.962,12.4146,5,29.2656,29.175,33.7177
4,3,11.9868,12.0574,12.8504,1,27.216,27.0388,21.5577
4,3,11.9868,12.0574,12.8504,2,27.2731,26.5943,30.4356
4,3,11.9868,12.0574,12.8504,3,9.7701,10.3521,10.6718
4,3,11.9868,12.0574,12.8504,4,10.1043,10.1828,12.7763
4,3,11.9868,12.0574,12.8504,5,29.0621,29.3087,25.9037
4,3,11.9776,11.9868,13.1265,1,25.8165,26.5633,24.2272
4,3,11.9776,11.9868,13.1265,2,26.8864,26.2839,27.5156
4,3,11.9776,11.9868,13.1265,3,10.0598,9.7615,9.9392
4,3,11.9776,11.9868,13.1265,4,10.1334,10.2383,12.959
4,3,11.9776,11.9868,13.1265,5,29.5234,29.0155,39.1919
4,3,11.9551,12.0092,12.2143,1,30.1008,26.0271,21.5615
4,3,11.9551,12.0092,12.2143,2,29.3043,26.2693,28.7068
4,3,11.9551,12.0092,12.2143,3,9.827,9.8293,9.9586
4,3,11.9551,12.0092,12.2143,4,10.0477,9.9992,12.4755
4,3,11.9551,12.0092,12.2143,5,28.5885,29.1146,18.2133
4,3,11.9153,11.9998,12.6687,1,30.0976,26.5435,19.877
4,3,11.9153,11.9998,12.6687,2,29.9354,26.3501,30.2605
4,3,11.9153,11.9998,12.6687,3,9.9972,9.9367,11.0592
4,3,11.9153,11.9998,12.6687,4,10,10.171,12.0541
4,3,11.9153,11.9998,12.6687,5,28.816,29.2279,33.0132
4,4,10.9484,10.9612,10.59,1,30.0574,31.0091,41.9091
4,4,10.9484,10.9612,10.59,2,36.4235,34.5242,39.7055
4,4,10.9484,10.9612,10.59,3,17.866,17.3918,13.0137
4,4,10.9484,10.9612,10.59,4,8.7703,8.7299,8.5741
4,4,10.9484,10.9612,10.59,5,22.9301,22.1496,17.035
4,4,10.8765,10.9562,10.906,1,31.022,30.2513,29.4199
4,4,10.8765,10.9562,10.906,2,37.3468,35.519,36.944
4,4,10.8765,10.9562,10.906,3,17.4502,17.7315,10.9298
4,4,10.8765,10.9562,10.906,4,8.8919,8.9071,7.8367
4,4,10.8765,10.9562,10.906,5,22.9351,23.1441,19.9054
4,4,11.041,10.9467,10.4678,1,31.2365,30.9904,48.8196
4,4,11.041,10.9467,10.4678,2,35.7808,34.4373,43.8271
4,4,11.041,10.9467,10.4678,3,17.0965,17.3322,13.1262
4,4,11.041,10.9467,10.4678,4,8.579,8.6851,8.6468
4,4,11.041,10.9467,10.4678,5,22.3355,22.0734,18.7965
4,4,10.9346,10.9916,10.5836,1,31.1251,30.8618,33.5092
4,4,10.9346,10.9916,10.5836,2,38.2566,35.3091,44.3805
4,4,10.9346,10.9916,10.5836,3,18.4975,18.3478,11.3556
4,4,10.9346,10.9916,10.5836,4,9.2904,9.0928,8.3863
4,4,10.9346,10.9916,10.5836,5,23.9228,22.8378,19.7293
4,4,10.8944,10.9133,11.0763,1,30.6431,31.1768,41.1272
4,4,10.8944,10.9133,11.0763,2,37.2799,35.0134,49.2566
4,4,10.8944,10.9133,11.0763,3,17.7732,17.7789,16.1721
4,4,10.8944,10.9133,11.0763,4,9.0479,8.8671,9.7199
4,4,10.8944,10.9133,11.0763,5,23.4306,22.3881,23.3374
4,5,11.9678,12.2752,10.5559,1,44.4759,43.8836,21.7069
4,5,11.9678,12.2752,10.5559,2,43.7966,42.5911,22.0724
4,5,11.9678,12.2752,10.5559,3,25.9426,26.2699,5.2774
4,5,11.9678,12.2752,10.5559,4,16.0902,15.6431,6.2071
4,5,11.9678,12.2752,10.5559,5,19.9994,20.8139,18.2739
4,5,12.0021,12.3563,10.9301,1,45.7413,43.2645,298.8481
4,5,12.0021,12.3563,10.9301,2,46.2422,42.1059,104.1452
4,5,12.0021,12.3563,10.9301,3,27.8028,26.0044,8.4739
4,5,12.0021,12.3563,10.9301,4,17.3383,15.3149,7.9336
4,5,12.0021,12.3563,10.9301,5,21.2352,20.9949,16.704
4,5,12.0204,12.3203,10.0257,1,44.7301,44.1076,70.6458
4,5,12.0204,12.3203,10.0257,2,45.0107,43.0603,23.573
4,5,12.0204,12.3203,10.0257,3,26.354,25.881,10.8079
4,5,12.0204,12.3203,10.0257,4,16.6564,15.0896,7.0715
4,5,12.0204,12.3203,10.0257,5,20.0579,21.1706,15.5682
4,5,12.0752,12.401,9.8837,1,45.4951,43.7468,27.7091
4,5,12.0752,12.401,9.8837,2,44.413,42.7629,24.4802
4,5,12.0752,12.401,9.8837,3,26.6962,26.2332,7.6681
4,5,12.0752,12.401,9.8837,4,16.0885,15.6148,8.0856
4,5,12.0752,12.401,9.8837,5,20.9614,21.3109,15.5975
4,5,11.9541,12.3592,9.7662,1,45.2955,44.8018,27.9837
4,5,11.9541,12.3592,9.7662,2,44.4662,43.6004,21.0371
4,5,11.9541,12.3592,9.7662,3,26.9796,27.613,6.592
4,5,11.9541,12.3592,9.7662,4,16.7353,16.4489,7.5545
4,5,11.9541,12.3592,9.7662,5,20.8788,21.5071,15.7738
5,1,18.6933,18.6715,15.807,1,26.1354,26.1667,16.988
5,1,18.6933,18.6715,15.807,2,57.4379,56.2088,38.7439
5,1,18.6933,18.6715,15.807,3,41.3175,38.5943,24.9585
5,1,18.6933,18.6715,15.807,4,29.8504,27.6581,25.6174
5,1,18.6933,18.6715,15.807,5,61.8535,60.9349,116.6259
5,1,18.7096,18.4516,16.1292,1,26.1966,26.8877,18.5919
5,1,18.7096,18.4516,16.1292,2,59.0446,57.7268,64.9474
5,1,18.7096,18.4516,16.1292,3,41.258,40.5221,41.5321
5,1,18.7096,18.4516,16.1292,4,30.7217,29.3795,37.2883
5,1,18.7096,18.4516,16.1292,5,63.2399,62.1437,126.0406
5,1,18.7061,18.7362,16.4495,1,23.8254,24.1014,19.2842
5,1,18.7061,18.7362,16.4495,2,54.1547,54.9393,76.4386
5,1,18.7061,18.7362,16.4495,3,35.5191,36.3409,33.9687
5,1,18.7061,18.7362,16.4495,4,25.1564,25.3108,23.1209
5,1,18.7061,18.7362,16.4495,5,58.4961,58.8166,80.7052
5,1,18.5101,18.8476,15.6247,1,26.166,24.0528,16.4823
5,1,18.5101,18.8476,15.6247,2,56.2741,56.2465,73.2876
5,1,18.5101,18.8476,15.6247,3,35.7073,38.4505,65.3973
5,1,18.5101,18.8476,15.6247,4,27.2008,25.602,59.2327
5,1,18.5101,18.8476,15.6247,5,59.1564,61.6274,245.6918
5,1,18.6251,19.093,16.2511,1,25.3841,25.8529,16.8258
5,1,18.6251,19.093,16.2511,2,57.4205,57.4925,49.7971
5,1,18.6251,19.093,16.2511,3,37.2096,41.6336,22.4303
5,1,18.6251,19.093,16.2511,4,26.0868,29.4686,26.9393
5,1,18.6251,19.093,16.2511,5,60.8623,62.8905,66.1627
5,2,19.0842,19.297,18.1211,1,23.2482,22.4255,21.0035
5,2,19.0842,19.297,18.1211,2,27.3693,27.5466,24.516
5,2,19.0842,19.297,18.1211,3,11.117,10.7352,9.4968
5,2,19.0842,19.297,18.1211,4,10.7877,10.4914,13.9159
5,2,19.0842,19.297,18.1211,5,31.9095,32.1452,52.3633
5,2,19.2258,19.2066,17.9655,1,24.8808,24.1558,25.8833
5,2,19.2258,19.2066,17.9655,2,27.0474,27.3982,24.9553
5,2,19.2258,19.2066,17.9655,3,11.6389,10.9805,10.3887
5,2,19.2258,19.2066,17.9655,4,11.424,10.3918,15.7917
5,2,19.2258,19.2066,17.9655,5,31.8827,31.4822,82.4158
5,2,19.1075,19.4734,18.3431,1,23.9543,21.4179,25.1172
5,2,19.1075,19.4734,18.3431,2,26.7312,27.1768,25.7359
5,2,19.1075,19.4734,18.3431,3,10.8816,10.5655,10.3784
5,2,19.1075,19.4734,18.3431,4,11.8229,10.2417,34.2517
5,2,19.1075,19.4734,18.3431,5,31.7064,31.9873,214.8126
5,2,19.1162,19.1823,18.1499,1,22.916,24.0614,24.0341
5,2,19.1162,19.1823,18.1499,2,27.1601,27.0357,27.6932
5,2,19.1162,19.1823,18.1499,3,10.5224,10.4331,11.1775
5,2,19.1162,19.1823,18.1499,4,10.9898,10.7722,23.3024
5,2,19.1162,19.1823,18.1499,5,31.8729,31.9588,106.8839
5,2,19.4005,19.1668,18.5708,1,22.7922,23.3917,29.7082
5,2,19.4005,19.1668,18.5708,2,27.4362,26.6355,24.6279
5,2,19.4005,19.1668,18.5708,3,12.0049,10.5612,9.8395
5,2,19.4005,19.1668,18.5708,4,10.7862,11.1279,15.2867
5,2,19.4005,19.1668,18.5708,5,32.239,31.2405,111.4783
5,3,11.6688,11.7076,13.1152,1,38.4314,38.8989,25.6765
5,3,11.6688,11.7076,13.1152,2,37.9588,41.8917,29.6338
5,3,11.6688,11.7076,13.1152,3,10.4288,10.324,10.4237
5,3,11.6688,11.7076,13.1152,4,11.6384,12.627,11.1208
5,3,11.6688,11.7076,13.1152,5,29.8937,30.8047,65.1312
5,3,11.6358,11.8263,12.8327,1,35.216,32.1441,33.4386
5,3,11.6358,11.8263,12.8327,2,35.246,30.5561,41.1544
5,3,11.6358,11.8263,12.8327,3,10.3149,10.1433,11.0418
5,3,11.6358,11.8263,12.8327,4,10.9689,10.3325,17.1863
5,3,11.6358,11.8263,12.8327,5,29.7026,29.0555,88.2315
5,3,11.6752,11.6386,12.857,1,31.0079,38.0113,30.6919
5,3,11.6752,11.6386,12.857,2,29.7668,39.5496,31.8464
5,3,11.6752,11.6386,12.857,3,10.1771,10.1147,11.9359
5,3,11.6752,11.6386,12.857,4,11.7959,11.9961,15.5776
5,3,11.6752,11.6386,12.857,5,28.6869,31.0856,56.8362
5,3,11.7004,11.7054,12.7502,1,36.6908,36.1343,29.2704
5,3,11.7004,11.7054,12.7502,2,37.9503,35.9335,24.9836
5,3,11.7004,11.7054,12.7502,3,10.2873,9.9477,10.2871
5,3,11.7004,11.7054,12.7502,4,11.8055,10.8739,16.1723
5,3,11.7004,11.7054,12.7502,5,29.6827,30.022,53.3203
5,3,11.8917,11.6625,13.7938,1,36.7232,32.0721,26.6862
5,3,11.8917,11.6625,13.7938,2,38.9769,30.832,35.699
5,3,11.8917,11.6625,13.7938,3,9.6294,9.9314,11.3458
5,3,11.8917,11.6625,13.7938,4,10.0811,11.3153,16.7849
5,3,11.8917,11.6625,13.7938,5,29.2499,29.0883,63.1853
5,4,10.863,10.8326,10.88,1,31.7351,30.778,47.5589
5,4,10.863,10.8326,10.88,2,43.0588,38.4998,33.6269
5,4,10.863,10.8326,10.88,3,17.6131,17.7288,13.8579
5,4,10.863,10.8326,10.88,4,8.8986,8.8136,8.8835
5,4,10.863,10.8326,10.88,5,24.3732,23.7712,19.5509
5,4,10.7542,10.8293,11.3704,1,31.9471,31.1829,17.3787
5,4,10.7542,10.8293,11.3704,2,37.2351,38.2228,28.2284
5,4,10.7542,10.8293,11.3704,3,17.8482,17.0034,14.1356
5,4,10.7542,10.8293,11.3704,4,9.1074,8.6412,8.4905
5,4,10.7542,10.8293,11.3704,5,23.0286,23.1382,25.0515
5,4,10.735,10.824,10.9188,1,32.6805,31.5153,33.0784
5,4,10.735,10.824,10.9188,2,38.7213,39.1438,40.8633
5,4,10.735,10.824,10.9188,3,17.5392,17.7187,14.1621
5,4,10.735,10.824,10.9188,4,9.0557,8.8715,5.8306
5,4,10.735,10.824,10.9188,5,23.2417,23.5024,32.3221
5,4,10.911,10.8573,11.2915,1,30.7201,30.9586,33.3236
5,4,10.911,10.8573,11.2915,2,38.6321,36.8046,40.2028
5,4,10.911,10.8573,11.2915,3,18.077,17.9904,17.6581
5,4,10.911,10.8573,11.2915,4,9.4472,8.8201,8.4748
5,4,10.911,10.8573,11.2915,5,24.1739,22.8932,28.7123
5,4,10.8351,10.8001,11.0959,1,32.821,31.5644,42.5875
5,4,10.8351,10.8001,11.0959,2,37.0883,39.3427,73.7615
5,4,10.8351,10.8001,11.0959,3,17.694,17.7036,16.7295
5,4,10.8351,10.8001,11.0959,4,8.651,8.8833,9.7318
5,4,10.8351,10.8001,11.0959,5,22.8607,23.991,28.8769
5,5,11.9031,11.8623,10.9173,1,46.0622,44.2178,53.4348
5,5,11.9031,11.8623,10.9173,2,44.6337,42.7978,31.796
5,5,11.9031,11.8623,10.9173,3,25.5901,26.5532,10.3447
5,5,11.9031,11.8623,10.9173,4,15.5351,16.7568,5.4573
5,5,11.9031,11.8623,10.9173,5,19.808,19.8905,17.9726
5,5,11.9926,11.8571,11.2465,1,45.6363,44.6171,72.8469
5,5,11.9926,11.8571,11.2465,2,45.3308,42.4723,48.6694
5,5,11.9926,11.8571,11.2465,3,27.6714,26.673,28.7225
5,5,11.9926,11.8571,11.2465,4,17.1744,16.6624,13.3971
5,5,11.9926,11.8571,11.2465,5,22.1328,19.7685,17.4887
5,5,11.7976,11.8957,11.1959,1,45.1501,43.9884,137.8362
5,5,11.7976,11.8957,11.1959,2,44.4553,42.5075,52.5999
5,5,11.7976,11.8957,11.1959,3,26.2079,25.731,41.5185
5,5,11.7976,11.8957,11.1959,4,16.6818,16.2227,15.7439
5,5,11.7976,11.8957,11.1959,5,20.6229,19.9825,16.2481
5,5,11.9321,11.8439,10.7862,1,48.3822,44.064,117.9009
5,5,11.9321,11.8439,10.7862,2,47.4551,43.6706,71.6998
5,5,11.9321,11.8439,10.7862,3,26.2983,26.979,28.1059
5,5,11.9321,11.8439,10.7862,4,16.5702,17.3812,13.9742
5,5,11.9321,11.8439,10.7862,5,19.5175,20.4995,18.3336
5,5,11.9396,11.8831,10.5399,1,45.8699,44.3856,67.9939
5,5,11.9396,11.8831,10.5399,2,43.787,43.015,33.6894
5,5,11.9396,11.8831,10.5399,3,26.1547,27.2909,29.7478
5,5,11.9396,11.8831,10.5399,4,15.7254,16.8115,12.4928
5,5,11.9396,11.8831,10.5399,5,20.1882,20.9153,20.3346
