1,1,9.0093,9.0431,2.897,1,9.5849,9.4849,4.3037
1,1,9.0093,9.0431,2.897,2,12.0608,11.5526,3.2741
1,1,9.0093,9.0431,2.897,3,24.8599,24.2633,5.9871
1,1,9.0093,9.0431,2.897,4,30.7398,29.7198,5.5276
1,1,9.0093,9.0431,2.897,5,22.6538,22.5604,5.836
1,1,9.0355,9.0627,3.0158,1,8.8928,9.2014,4.6643
1,1,9.0355,9.0627,3.0158,2,11.1657,12.1138,3.8472
1,1,9.0355,9.0627,3.0158,3,23.22,25.4158,7.4755
1,1,9.0355,9.0627,3.0158,4,29.0987,31.3534,7.1191
1,1,9.0355,9.0627,3.0158,5,21.4788,23.1289,6.9274
1,1,9.7618,9.0422,3.0929,1,10.3286,9.2281,4.7362
1,1,9.7618,9.0422,3.0929,2,11.8995,11.3308,3.7889
1,1,9.7618,9.0422,3.0929,3,24.3525,23.7065,7.2662
1,1,9.7618,9.0422,3.0929,4,29.1497,28.5933,6.7693
1,1,9.7618,9.0422,3.0929,5,21.1803,22.0033,6.6367
1,1,9.0254,9.0521,2.9681,1,9.1374,9.0111,4.3347
1,1,9.0254,9.0521,2.9681,2,10.1371,11.8226,3.4337
1,1,9.0254,9.0521,2.9681,3,21.6565,25.0573,6.1351
1,1,9.0254,9.0521,2.9681,4,26.1741,30.9501,5.8172
1,1,9.0254,9.0521,2.9681,5,20.6524,22.2892,6.0375
1,1,9.0014,9.0592,3.0236,1,9.0616,9.3513,4.3614
1,1,9.0014,9.0592,3.0236,2,10.9904,11.4903,3.3304
1,1,9.0014,9.0592,3.0236,3,22.7739,24.1323,5.7438
1,1,9.0014,9.0592,3.0236,4,28.2304,29.5152,5.4125
1,1,9.0014,9.0592,3.0236,5,21.3043,22.1134,5.9667
1,2,5.8873,5.8778,2.4001,1,11.7515,12.2585,6.4515
1,2,5.8873,5.8778,2.4001,2,7.9967,8.3761,4.5965
1,2,5.8873,5.8778,2.4001,3,17.8847,18.561,9.4796
1,2,5.8873,5.8778,2.4001,4,19.7531,20.5682,8.0871
1,2,5.8873,5.8778,2.4001,5,19.2158,20.0401,7.9968
1,2,5.8957,5.8894,2.3431,1,11.925,12.2798,6.2067
1,2,5.8957,5.8894,2.3431,2,7.8402,8.4802,4.5883
1,2,5.8957,5.8894,2.3431,3,17.5391,18.7495,9.8817
1,2,5.8957,5.8894,2.3431,4,19.5983,20.914,8.4674
1,2,5.8957,5.8894,2.3431,5,19.2722,20.3984,7.9987
1,2,5.8659,5.8847,2.3139,1,12.3814,12.0963,6.1378
1,2,5.8659,5.8847,2.3139,2,8.3881,8.1732,4.5857
1,2,5.8659,5.8847,2.3139,3,18.6391,18.2515,10.1456
1,2,5.8659,5.8847,2.3139,4,20.6075,20.7284,8.7125
1,2,5.8659,5.8847,2.3139,5,20.0698,20.0817,8.1646
1,2,5.8806,5.8938,2.3554,1,12.1916,11.7833,6.2883
1,2,5.8806,5.8938,2.3554,2,8.4086,8.0769,4.6565
1,2,5.8806,5.8938,2.3554,3,18.6702,18.07,10.1375
1,2,5.8806,5.8938,2.3554,4,20.6163,20.4078,8.7078
1,2,5.8806,5.8938,2.3554,5,20.2667,19.7923,8.3088
1,2,5.8819,5.8928,2.4112,1,12.1725,12.5588,6.6744
1,2,5.8819,5.8928,2.4112,2,8.2356,8.3203,4.8005
1,2,5.8819,5.8928,2.4112,3,18.3108,18.1976,10.0681
1,2,5.8819,5.8928,2.4112,4,20.0259,20.6863,8.625
1,2,5.8819,5.8928,2.4112,5,19.682,20.0425,8.4057
1,3,5.24,5.2181,2.6223,1,8.1944,8.3156,3.5623
1,3,5.24,5.2181,2.6223,2,4.7563,5.0217,2.3142
1,3,5.24,5.2181,2.6223,3,9.5743,10.2142,4.5288
1,3,5.24,5.2181,2.6223,4,11.7421,12.8354,4.0171
1,3,5.24,5.2181,2.6223,5,11.7045,12.6418,4.5198
1,3,5.1732,5.2458,2.708,1,8.1475,8.1916,3.5999
1,3,5.1732,5.2458,2.708,2,4.767,5.0335,2.4009
1,3,5.1732,5.2458,2.708,3,9.5002,10.3079,4.6689
1,3,5.1732,5.2458,2.708,4,11.6665,12.8659,4.2724
1,3,5.1732,5.2458,2.708,5,11.5416,12.8506,4.6019
1,3,5.1814,5.2383,2.6569,1,8.2929,8.4541,3.752
1,3,5.1814,5.2383,2.6569,2,4.8716,5.0495,2.4846
1,3,5.1814,5.2383,2.6569,3,9.7668,10.4904,4.5059
1,3,5.1814,5.2383,2.6569,4,12.2189,13.2009,4.0479
1,3,5.1814,5.2383,2.6569,5,12.0702,13.1611,4.5718
1,3,5.2275,5.2202,2.6117,1,7.9857,8.1124,3.4828
1,3,5.2275,5.2202,2.6117,2,4.9245,4.9541,2.3284
1,3,5.2275,5.2202,2.6117,3,10.0129,10.1144,4.5459
1,3,5.2275,5.2202,2.6117,4,12.37,12.6161,4.0693
1,3,5.2275,5.2202,2.6117,5,12.1553,12.3779,4.5103
1,3,5.1865,5.2289,2.5682,1,8.0571,8.1884,3.4062
1,3,5.1865,5.2289,2.5682,2,4.834,4.9609,2.3009
1,3,5.1865,5.2289,2.5682,3,9.7303,10.021,4.4254
1,3,5.1865,5.2289,2.5682,4,11.9673,12.4725,4.0035
1,3,5.1865,5.2289,2.5682,5,11.9808,12.248,4.3345
1,4,5.4717,5.4799,2.2536,1,10.423,10.5939,3.904
1,4,5.4717,5.4799,2.2536,2,5.9412,5.8966,2.4896
1,4,5.4717,5.4799,2.2536,3,11.9567,11.8001,5.766
1,4,5.4717,5.4799,2.2536,4,13.9742,14.1924,4.9586
1,4,5.4717,5.4799,2.2536,5,15.6606,15.5465,5.7751
1,4,5.4633,5.4745,2.2698,1,10.4003,10.6501,4.2263
1,4,5.4633,5.4745,2.2698,2,5.8535,5.909,2.6091
1,4,5.4633,5.4745,2.2698,3,11.6949,11.6702,5.7589
1,4,5.4633,5.4745,2.2698,4,13.7643,14.0221,4.8598
1,4,5.4633,5.4745,2.2698,5,15.4612,15.5002,5.864
1,4,5.469,5.506,2.2733,1,10.6947,10.1506,4.1415
1,4,5.469,5.506,2.2733,2,6.0002,5.8205,2.6079
1,4,5.469,5.506,2.2733,3,11.9511,11.7158,5.7405
1,4,5.469,5.506,2.2733,4,14.1761,13.8655,4.9048
1,4,5.469,5.506,2.2733,5,15.927,15.2416,5.7549
1,4,5.4773,5.4874,2.2635,1,10.8125,10.2995,3.9598
1,4,5.4773,5.4874,2.2635,2,6.1294,5.8119,2.5285
1,4,5.4773,5.4874,2.2635,3,12.0411,11.6893,5.5071
1,4,5.4773,5.4874,2.2635,4,14.0188,14.0745,4.7034
1,4,5.4773,5.4874,2.2635,5,15.6156,15.4117,5.5148
1,4,5.4572,5.4881,2.2593,1,10.644,10.2238,4.0008
1,4,5.4572,5.4881,2.2593,2,6.0047,5.8081,2.5238
1,4,5.4572,5.4881,2.2593,3,11.9793,11.7116,5.6605
1,4,5.4572,5.4881,2.2593,4,14.0053,13.9926,4.859
1,4,5.4572,5.4881,2.2593,5,15.5991,15.3688,5.7205
1,5,5.5,5.5494,3.0468,1,9.731,9.3966,3.0926
1,5,5.5,5.5494,3.0468,2,6.5948,6.552,2.6044
1,5,5.5,5.5494,3.0468,3,6.224,6.2427,3.2331
1,5,5.5,5.5494,3.0468,4,6.8923,6.9897,3.2917
1,5,5.5,5.5494,3.0468,5,5.8577,5.8387,3.3233
1,5,5.4662,5.5333,2.9668,1,10.0879,10.3952,3.0368
1,5,5.4662,5.5333,2.9668,2,6.6681,6.9726,2.4598
1,5,5.4662,5.5333,2.9668,3,6.2416,6.392,3.0623
1,5,5.4662,5.5333,2.9668,4,7.0631,7.0609,3.1672
1,5,5.4662,5.5333,2.9668,5,5.7593,5.9055,3.2199
1,5,5.4854,5.5264,3.0143,1,9.488,9.7926,3.0546
1,5,5.4854,5.5264,3.0143,2,6.4861,6.7186,2.4906
1,5,5.4854,5.5264,3.0143,3,6.2483,6.3701,3.1586
1,5,5.4854,5.5264,3.0143,4,6.9868,7.0393,3.2061
1,5,5.4854,5.5264,3.0143,5,5.8483,5.8071,3.2892
1,5,5.7882,5.5294,3.0108,1,8.9373,9.9803,3.17
1,5,5.7882,5.5294,3.0108,2,6.8956,6.7095,2.5802
1,5,5.7882,5.5294,3.0108,3,6.247,6.3021,3.2065
1,5,5.7882,5.5294,3.0108,4,6.5811,6.9442,3.3831
1,5,5.7882,5.5294,3.0108,5,5.9306,5.8931,3.265
1,5,5.477,5.5266,2.9817,1,9.4366,10.0503,2.9805
1,5,5.477,5.5266,2.9817,2,6.2694,6.7604,2.3418
1,5,5.477,5.5266,2.9817,3,6.2039,6.3818,3.0746
1,5,5.477,5.5266,2.9817,4,7.0258,7.1212,3.1327
1,5,5.477,5.5266,2.9817,5,5.7757,5.8353,3.2703
2,1,8.9825,8.9821,2.4637,1,9.3798,9.0418,3.4948
2,1,8.9825,8.9821,2.4637,2,11.0523,10.8076,2.7617
2,1,8.9825,8.9821,2.4637,3,22.8743,22.572,3.8557
2,1,8.9825,8.9821,2.4637,4,28.1921,27.5166,4.0602
2,1,8.9825,8.9821,2.4637,5,21.5798,21.3677,4.9527
2,1,9.0258,8.9388,2.4524,1,9.1899,9.0573,3.348
2,1,9.0258,8.9388,2.4524,2,9.4464,10.1794,2.7632
2,1,9.0258,8.9388,2.4524,3,20.1399,21.6889,4.0208
2,1,9.0258,8.9388,2.4524,4,23.8893,26.4992,4.2967
2,1,9.0258,8.9388,2.4524,5,19.6363,20.9097,4.6604
2,1,8.9999,8.9707,2.4753,1,9.2054,9.1325,3.4141
2,1,8.9999,8.9707,2.4753,2,9.4655,10.6595,2.7077
2,1,8.9999,8.9707,2.4753,3,20.1327,22.7119,3.8619
2,1,8.9999,8.9707,2.4753,4,24.473,28.1319,4.0707
2,1,8.9999,8.9707,2.4753,5,20.2574,21.7056,4.7287
2,1,9.0269,8.9719,2.6114,1,9.0065,9.0941,3.4287
2,1,9.0269,8.9719,2.6114,2,9.3641,10.1972,2.6848
2,1,9.0269,8.9719,2.6114,3,19.8075,21.6955,3.543
2,1,9.0269,8.9719,2.6114,4,24.0059,26.3711,3.7579
2,1,9.0269,8.9719,2.6114,5,19.3734,20.7466,4.6814
2,1,8.9726,9.0643,2.5293,1,8.6146,9.4267,3.555
2,1,8.9726,9.0643,2.5293,2,8.9682,9.7771,2.9788
2,1,8.9726,9.0643,2.5293,3,19.0791,20.7805,4.5514
2,1,8.9726,9.0643,2.5293,4,23.2197,24.7986,4.8718
2,1,8.9726,9.0643,2.5293,5,19.5355,20.077,5.0523
2,2,5.929,5.8373,2.2052,1,12.2836,12.2523,4.3675
2,2,5.929,5.8373,2.2052,2,8.6043,8.1174,3.5203
2,2,5.929,5.8373,2.2052,3,18.9991,17.9791,6.082
2,2,5.929,5.8373,2.2052,4,20.9867,19.9966,6.1749
2,2,5.929,5.8373,2.2052,5,20.4538,19.4871,6.0407
2,2,5.7992,5.8999,2.0694,1,11.9271,12.1446,4.1872
2,2,5.7992,5.8999,2.0694,2,8.161,8.4637,3.1004
2,2,5.7992,5.8999,2.0694,3,18.1705,18.7633,4.7925
2,2,5.7992,5.8999,2.0694,4,19.8871,20.8603,5.0287
2,2,5.7992,5.8999,2.0694,5,19.2627,20.2453,5.5689
2,2,5.8588,5.8641,2.1076,1,11.8481,12.2214,4.2418
2,2,5.8588,5.8641,2.1076,2,7.789,8.3044,3.3804
2,2,5.8588,5.8641,2.1076,3,17.5272,18.423,6.0602
2,2,5.8588,5.8641,2.1076,4,19.3591,20.473,5.9915
2,2,5.8588,5.8641,2.1076,5,18.7077,19.7953,5.9054
2,2,5.8499,5.8842,2.0638,1,12.0791,11.8814,4.3006
2,2,5.8499,5.8842,2.0638,2,8.0578,8.1292,3.3234
2,2,5.8499,5.8842,2.0638,3,18.0201,18.1798,5.3418
2,2,5.8499,5.8842,2.0638,4,19.7891,20.1258,5.4317
2,2,5.8499,5.8842,2.0638,5,19.2204,19.5669,5.8229
2,2,5.9045,5.8801,2.0943,1,11.8896,12.1651,4.4592
2,2,5.9045,5.8801,2.0943,2,8.1399,8.323,3.0621
2,2,5.9045,5.8801,2.0943,3,18.3239,18.5133,4.5052
2,2,5.9045,5.8801,2.0943,4,20.3169,20.5805,4.5521
2,2,5.9045,5.8801,2.0943,5,19.6262,20.0459,5.7422
2,3,5.1355,5.2177,2.1952,1,7.7452,8.1246,2.6143
2,3,5.1355,5.2177,2.1952,2,4.7922,4.9052,1.7862
2,3,5.1355,5.2177,2.1952,3,9.7314,9.8856,2.9944
2,3,5.1355,5.2177,2.1952,4,11.906,12.1148,3.1333
2,3,5.1355,5.2177,2.1952,5,11.6237,11.9849,3.3918
2,3,5.0523,5.2067,2.1108,1,8.1407,8.3092,2.5684
2,3,5.0523,5.2067,2.1108,2,4.7646,5.0375,1.7905
2,3,5.0523,5.2067,2.1108,3,9.6256,10.0836,3.0752
2,3,5.0523,5.2067,2.1108,4,11.66,12.6541,3.2536
2,3,5.0523,5.2067,2.1108,5,11.516,12.3791,3.4936
2,3,5.0998,5.1513,2.3032,1,8.0199,8.6847,2.7375
2,3,5.0998,5.1513,2.3032,2,4.8352,4.8787,1.905
2,3,5.0998,5.1513,2.3032,3,9.8778,9.8745,3.6491
2,3,5.0998,5.1513,2.3032,4,11.7509,12.4215,3.8157
2,3,5.0998,5.1513,2.3032,5,11.7234,12.3267,3.8738
2,3,5.157,5.2302,2.1078,1,8.2005,7.9929,2.5077
2,3,5.157,5.2302,2.1078,2,4.9832,5.0035,1.7502
2,3,5.157,5.2302,2.1078,3,10.1949,10.1294,3.1987
2,3,5.157,5.2302,2.1078,4,12.3342,12.6567,3.3094
2,3,5.157,5.2302,2.1078,5,12.2218,12.5668,3.4963
2,3,5.1854,5.1016,2.1803,1,8.0577,8.06,2.6029
2,3,5.1854,5.1016,2.1803,2,4.8937,4.9636,1.838
2,3,5.1854,5.1016,2.1803,3,9.9315,10.0296,3.2684
2,3,5.1854,5.1016,2.1803,4,12.4388,12.1618,3.4547
2,3,5.1854,5.1016,2.1803,5,12.2304,11.9507,3.5809
2,4,5.4,5.3789,1.6588,1,10.3652,10.4792,2.6552
2,4,5.4,5.3789,1.6588,2,5.9955,5.8873,1.9655
2,4,5.4,5.3789,1.6588,3,12.1732,11.831,2.8014
2,4,5.4,5.3789,1.6588,4,14.1235,14.015,3.0649
2,4,5.4,5.3789,1.6588,5,15.4272,15.2438,3.544
2,4,5.3135,5.4305,1.6476,1,11.0943,10.2944,2.4772
2,4,5.3135,5.4305,1.6476,2,6.044,5.8831,1.93
2,4,5.3135,5.4305,1.6476,3,11.9339,11.6069,2.8897
2,4,5.3135,5.4305,1.6476,4,13.9779,13.675,3.2943
2,4,5.3135,5.4305,1.6476,5,15.3825,15.2319,3.4131
2,4,5.3765,5.3809,1.7254,1,10.1487,10.5592,2.6061
2,4,5.3765,5.3809,1.7254,2,5.848,5.8753,2.0152
2,4,5.3765,5.3809,1.7254,3,11.6269,11.5907,2.9276
2,4,5.3765,5.3809,1.7254,4,13.4976,13.6667,3.2714
2,4,5.3765,5.3809,1.7254,5,14.8113,14.962,3.597
2,4,5.3799,5.4381,1.6981,1,10.626,10.6248,2.553
2,4,5.3799,5.4381,1.6981,2,5.9766,5.788,1.9988
2,4,5.3799,5.4381,1.6981,3,11.7471,11.5101,3.0576
2,4,5.3799,5.4381,1.6981,4,13.8141,13.5801,3.4702
2,4,5.3799,5.4381,1.6981,5,15.1245,14.9145,3.6053
2,4,5.3762,5.4529,1.7048,1,10.2158,10.8054,2.5111
2,4,5.3762,5.4529,1.7048,2,5.9022,5.9545,1.9802
2,4,5.3762,5.4529,1.7048,3,11.6936,11.4801,2.9689
2,4,5.3762,5.4529,1.7048,4,13.6594,13.5379,3.3648
2,4,5.3762,5.4529,1.7048,5,14.9271,14.8455,3.5879
2,5,5.3575,5.36,2.4598,1,9.9809,10.8438,2.793
2,5,5.3575,5.36,2.4598,2,6.8204,6.8264,1.7725
2,5,5.3575,5.36,2.4598,3,5.9804,6.1723,2.1998
2,5,5.3575,5.36,2.4598,4,6.7624,6.8947,2.3236
2,5,5.3575,5.36,2.4598,5,5.7281,6.1202,2.5875
2,5,5.3728,5.4837,2.4894,1,10.1148,10.1877,2.6283
2,5,5.3728,5.4837,2.4894,2,6.5116,6.5477,1.811
2,5,5.3728,5.4837,2.4894,3,6.1146,6.1849,2.4416
2,5,5.3728,5.4837,2.4894,4,7.0222,7.0555,2.3975
2,5,5.3728,5.4837,2.4894,5,5.7175,5.8759,2.6581
2,5,5.3388,5.2955,2.4294,1,10.0028,9.8109,2.6452
2,5,5.3388,5.2955,2.4294,2,6.8089,6.3179,1.6729
2,5,5.3388,5.2955,2.4294,3,6.1476,6.0102,2.2872
2,5,5.3388,5.2955,2.4294,4,6.866,7.1784,2.3565
2,5,5.3388,5.2955,2.4294,5,5.6693,6.2135,2.5604
2,5,5.3423,5.4583,2.4896,1,9.9236,9.955,2.8204
2,5,5.3423,5.4583,2.4896,2,6.4402,6.3739,1.8136
2,5,5.3423,5.4583,2.4896,3,5.9166,6.1557,2.3505
2,5,5.3423,5.4583,2.4896,4,6.8112,7.0079,2.4386
2,5,5.3423,5.4583,2.4896,5,5.9222,5.8255,2.5705
2,5,5.2389,5.4563,2.5287,1,9.444,9.9656,2.7922
2,5,5.2389,5.4563,2.5287,2,6.5485,6.5107,1.7394
2,5,5.2389,5.4563,2.5287,3,6.2146,6.1362,2.3427
2,5,5.2389,5.4563,2.5287,4,6.9551,6.7433,2.4182
2,5,5.2389,5.4563,2.5287,5,5.7126,5.7934,2.6366
3,1,9.0244,8.8929,2.6924,1,9.5685,8.7665,3.8179
3,1,9.0244,8.8929,2.6924,2,10.1487,9.6719,2.7182
3,1,9.0244,8.8929,2.6924,3,21.031,20.5076,3.8089
3,1,9.0244,8.8929,2.6924,4,26.1165,24.7522,3.9571
3,1,9.0244,8.8929,2.6924,5,21.0602,19.7993,4.8515
3,1,8.9117,8.9098,2.695,1,8.3189,8.3143,4.0568
3,1,8.9117,8.9098,2.695,2,9.025,8.9171,3.3636
3,1,8.9117,8.9098,2.695,3,19.4059,19.5111,5.0057
3,1,8.9117,8.9098,2.695,4,23.3011,23.225,5.6023
3,1,8.9117,8.9098,2.695,5,18.629,18.4508,6.4901
3,1,9.1063,8.8847,2.5153,1,9.5235,8.7995,3.6236
3,1,9.1063,8.8847,2.5153,2,10.1324,10.6262,2.9375
3,1,9.1063,8.8847,2.5153,3,21.1333,22.2017,3.5123
3,1,9.1063,8.8847,2.5153,4,25.8822,27.3454,3.7573
3,1,9.1063,8.8847,2.5153,5,21.2349,21.06,5.1302
3,1,8.8806,8.896,2.5819,1,8.9146,8.9423,3.5744
3,1,8.8806,8.896,2.5819,2,10.1624,9.9501,3.1379
3,1,8.8806,8.896,2.5819,3,21.3734,21.3051,3.953
3,1,8.8806,8.896,2.5819,4,26.3113,26.1171,4.6866
3,1,8.8806,8.896,2.5819,5,20.4473,20.8476,5.8046
3,1,9.0192,8.8757,2.6671,1,9.0298,8.8945,3.8677
3,1,9.0192,8.8757,2.6671,2,9.3035,10.6951,3.4173
3,1,9.0192,8.8757,2.6671,3,19.8786,22.4481,4.7915
3,1,9.0192,8.8757,2.6671,4,23.8785,28.1871,5.4324
3,1,9.0192,8.8757,2.6671,5,19.5146,21.8738,6.1626
3,2,5.8242,5.8758,2.2147,1,12.1478,12.2801,4.4055
3,2,5.8242,5.8758,2.2147,2,8.5124,8.4507,2.7697
3,2,5.8242,5.8758,2.2147,3,18.9918,18.7429,4.2491
3,2,5.8242,5.8758,2.2147,4,20.7768,21.093,4.3416
3,2,5.8242,5.8758,2.2147,5,20.2374,20.2943,5.8394
3,2,5.8021,5.886,2.2059,1,11.9846,11.7631,4.8161
3,2,5.8021,5.886,2.2059,2,8.2605,8.1095,3.215
3,2,5.8021,5.886,2.2059,3,18.4405,18.1796,4.6779
3,2,5.8021,5.886,2.2059,4,20.4797,20.1546,4.4118
3,2,5.8021,5.886,2.2059,5,19.8179,19.515,5.992
3,2,5.8015,5.839,2.1367,1,11.8839,12.4355,4.8372
3,2,5.8015,5.839,2.1367,2,8.2337,8.4619,2.8396
3,2,5.8015,5.839,2.1367,3,18.3354,18.5632,4.277
3,2,5.8015,5.839,2.1367,4,20.3084,20.8595,3.9909
3,2,5.8015,5.839,2.1367,5,19.5344,20.0221,6.5926
3,2,5.882,5.798,2.1427,1,11.9434,11.8835,4.6019
3,2,5.882,5.798,2.1427,2,8.1249,8.3442,3.1146
3,2,5.882,5.798,2.1427,3,18.1683,18.5167,4.8813
3,2,5.882,5.798,2.1427,4,20.2196,20.398,4.451
3,2,5.882,5.798,2.1427,5,19.6922,19.7583,5.8673
3,2,5.8388,5.7768,2.1442,1,12.3816,11.8032,5.2634
3,2,5.8388,5.7768,2.1442,2,8.355,8.1214,3.1231
3,2,5.8388,5.7768,2.1442,3,18.5598,17.9667,5.215
3,2,5.8388,5.7768,2.1442,4,20.5992,19.6708,4.9253
3,2,5.8388,5.7768,2.1442,5,20.0691,18.9732,6.6801
3,3,5.1328,5.1238,2.1309,1,8.0257,8.0034,2.5748
3,3,5.1328,5.1238,2.1309,2,4.8804,4.7923,1.6197
3,3,5.1328,5.1238,2.1309,3,9.9443,9.9176,2.7354
3,3,5.1328,5.1238,2.1309,4,12.3688,11.6779,2.9176
3,3,5.1328,5.1238,2.1309,5,12.1582,11.5601,3.6827
3,3,5.0913,5.1032,2.1683,1,8.5139,8.0305,2.8581
3,3,5.0913,5.1032,2.1683,2,4.9601,4.9351,1.8841
3,3,5.0913,5.1032,2.1683,3,10.0332,10.0833,2.8392
3,3,5.0913,5.1032,2.1683,4,12.3936,12.1678,3.0486
3,3,5.0913,5.1032,2.1683,5,12.2942,12.1434,4.0461
3,3,5.1249,5.1154,2.2776,1,8.3319,8.2561,2.5355
3,3,5.1249,5.1154,2.2776,2,5.0706,5.0547,1.9007
3,3,5.1249,5.1154,2.2776,3,10.2797,10.1948,2.2059
3,3,5.1249,5.1154,2.2776,4,12.7582,12.4024,2.4073
3,3,5.1249,5.1154,2.2776,5,12.6022,12.2736,3.0361
3,3,5.1869,5.1973,2.088,1,8.124,8.1366,2.7309
3,3,5.1869,5.1973,2.088,2,4.9236,4.963,1.7531
3,3,5.1869,5.1973,2.088,3,10.0615,10.184,3.031
3,3,5.1869,5.1973,2.088,4,12.2802,12.6635,3.3658
3,3,5.1869,5.1973,2.088,5,12.1615,12.4759,3.6281
3,3,5.1744,5.1194,2.1853,1,8.4634,7.9233,2.4261
3,3,5.1744,5.1194,2.1853,2,5.0102,4.7877,1.805
3,3,5.1744,5.1194,2.1853,3,10.1523,9.8471,2.2465
3,3,5.1744,5.1194,2.1853,4,12.4618,11.8256,2.3871
3,3,5.1744,5.1194,2.1853,5,12.3389,11.8606,2.9669
3,4,5.3842,5.2975,1.6802,1,10.1885,10.7012,2.8722
3,4,5.3842,5.2975,1.6802,2,5.925,5.8509,1.9286
3,4,5.3842,5.2975,1.6802,3,11.7443,11.4955,3.6903
3,4,5.3842,5.2975,1.6802,4,13.5896,13.409,3.9351
3,4,5.3842,5.2975,1.6802,5,14.8715,14.8001,4.2429
3,4,5.3078,5.311,1.7088,1,10.7244,10.4786,2.7876
3,4,5.3078,5.311,1.7088,2,5.9465,5.8017,1.8541
3,4,5.3078,5.311,1.7088,3,12.0278,11.6343,3.2667
3,4,5.3078,5.311,1.7088,4,13.8028,13.6107,3.5964
3,4,5.3078,5.311,1.7088,5,15.0789,14.9442,4.0906
3,4,5.3771,5.4573,1.6532,1,10.1425,10.3394,2.5303
3,4,5.3771,5.4573,1.6532,2,5.8421,5.7424,1.862
3,4,5.3771,5.4573,1.6532,3,11.608,11.5073,2.6161
3,4,5.3771,5.4573,1.6532,4,13.6074,13.5895,3.0761
3,4,5.3771,5.4573,1.6532,5,14.7993,14.8948,4.4374
3,4,5.3081,5.3957,1.7,1,10.7842,10.0922,2.0637
3,4,5.3081,5.3957,1.7,2,6.0074,5.7481,1.7841
3,4,5.3081,5.3957,1.7,3,11.8915,11.6143,2.263
3,4,5.3081,5.3957,1.7,4,13.8006,13.4503,2.6442
3,4,5.3081,5.3957,1.7,5,15.1077,14.7676,2.7441
3,4,5.3894,5.3975,1.7783,1,10.209,10.8922,2.2923
3,4,5.3894,5.3975,1.7783,2,5.8281,5.9651,1.8833
3,4,5.3894,5.3975,1.7783,3,11.5676,11.8544,2.8483
3,4,5.3894,5.3975,1.7783,4,13.3199,14.1013,3.3418
3,4,5.3894,5.3975,1.7783,5,14.8284,15.5703,3.3335
3,5,5.259,5.0358,2.5751,1,10.2115,10.351,2.589
3,5,5.259,5.0358,2.5751,2,6.6382,6.7691,1.489
3,5,5.259,5.0358,2.5751,3,6.2788,6.1797,2.1189
3,5,5.259,5.0358,2.5751,4,6.878,7.3149,1.9963
3,5,5.259,5.0358,2.5751,5,5.7978,6.3286,2.6789
3,5,5.0756,5.0488,2.4453,1,10.2707,10.0496,2.6008
3,5,5.0756,5.0488,2.4453,2,6.7222,6.5591,1.5539
3,5,5.0756,5.0488,2.4453,3,6.0383,6.0757,2.0125
3,5,5.0756,5.0488,2.4453,4,6.7468,7.1317,2.1716
3,5,5.0756,5.0488,2.4453,5,5.7196,6.1088,2.7554
3,5,5.1295,5.0382,2.4688,1,9.9357,10.3408,2.7462
3,5,5.1295,5.0382,2.4688,2,6.4172,6.7531,1.706
3,5,5.1295,5.0382,2.4688,3,6.1695,6.1321,2.0776
3,5,5.1295,5.0382,2.4688,4,7.1866,7.1686,2.2354
3,5,5.1295,5.0382,2.4688,5,5.998,6.0875,2.6717
3,5,5.1347,5.0106,2.4755,1,9.8914,9.8862,1.9555
3,5,5.1347,5.0106,2.4755,2,6.6456,6.538,1.7564
3,5,5.1347,5.0106,2.4755,3,6.1647,5.97,2.0329
3,5,5.1347,5.0106,2.4755,4,7.2848,7.2468,2.0242
3,5,5.1347,5.0106,2.4755,5,6.1294,6.2441,2.5516
3,5,5.6634,5.0489,2.4891,1,8.8737,9.6604,2.0435
3,5,5.6634,5.0489,2.4891,2,6.8096,6.6067,1.6754
3,5,5.6634,5.0489,2.4891,3,6.5377,6.1103,2.0814
3,5,5.6634,5.0489,2.4891,4,6.8865,6.9997,1.8998
3,5,5.6634,5.0489,2.4891,5,5.9992,5.9562,2.5582
4,1,8.8338,8.8946,2.6902,1,8.4527,8.7481,4.0179
4,1,8.8338,8.8946,2.6902,2,11.4275,9.8761,3.5777
4,1,8.8338,8.8946,2.6902,3,23.9537,20.9856,5.5734
4,1,8.8338,8.8946,2.6902,4,29.7306,25.3302,6.3604
4,1,8.8338,8.8946,2.6902,5,21.1779,19.7402,7.302
4,1,8.8452,8.9071,2.7237,1,9.0173,8.8841,3.9599
4,1,8.8452,8.9071,2.7237,2,13.2327,9.7699,3.4639
4,1,8.8452,8.9071,2.7237,3,27.3944,20.7977,5.2029
4,1,8.8452,8.9071,2.7237,4,34.5065,25.3103,6.0229
4,1,8.8452,8.9071,2.7237,5,23.1567,20.25,6.846
4,1,8.9148,8.9235,2.6326,1,8.3576,9.0946,3.5648
4,1,8.9148,8.9235,2.6326,2,9.4492,10.7789,3.153
4,1,8.9148,8.9235,2.6326,3,20.0228,22.4837,4.134
4,1,8.9148,8.9235,2.6326,4,24.5403,27.6031,4.7505
4,1,8.9148,8.9235,2.6326,5,19.4587,21.3972,6.0754
4,1,8.8566,8.8944,2.7224,1,9.0286,8.8963,4.2339
4,1,8.8566,8.8944,2.7224,2,10.4014,10.0782,3.4879
4,1,8.8566,8.8944,2.7224,3,22.0179,21.6297,5.5293
4,1,8.8566,8.8944,2.7224,4,27.4637,26.3606,6.0783
4,1,8.8566,8.8944,2.7224,5,21.466,20.3297,7.131
4,1,8.8541,8.8691,2.5836,1,8.8581,8.5985,3.6806
4,1,8.8541,8.8691,2.5836,2,11.6841,10.7414,3.4735
4,1,8.8541,8.8691,2.5836,3,24.2635,22.4933,5.0693
4,1,8.8541,8.8691,2.5836,4,30.673,27.4566,6.4965
4,1,8.8541,8.8691,2.5836,5,21.814,20.6389,6.9428
4,2,5.7758,5.7901,2.2142,1,12.0851,11.8211,4.7747
4,2,5.7758,5.7901,2.2142,2,7.9334,7.9687,2.9854
4,2,5.7758,5.7901,2.2142,3,17.5232,17.7541,4.8625
4,2,5.7758,5.7901,2.2142,4,18.875,19.3667,4.269
4,2,5.7758,5.7901,2.2142,5,17.7652,18.614,5.9254
4,2,5.7602,5.873,2.2141,1,12.6493,12.2463,5.8321
4,2,5.7602,5.873,2.2141,2,8.6371,8.2627,3.6777
4,2,5.7602,5.873,2.2141,3,18.6411,18.334,7.3595
4,2,5.7602,5.873,2.2141,4,20.7198,20.6261,7.519
4,2,5.7602,5.873,2.2141,5,19.7677,20.0226,9.9192
4,2,5.7801,5.8386,2.1882,1,12.3134,11.8991,4.9651
4,2,5.7801,5.8386,2.1882,2,8.2455,8.11,2.9036
4,2,5.7801,5.8386,2.1882,3,18.296,18.1482,4.5293
4,2,5.7801,5.8386,2.1882,4,20.3377,19.8112,4.3145
4,2,5.7801,5.8386,2.1882,5,19.5415,19.0108,6.5539
4,2,5.794,5.7907,2.2288,1,12.0624,12.4724,5.3076
4,2,5.794,5.7907,2.2288,2,8.4,8.3434,3.3929
4,2,5.794,5.7907,2.2288,3,18.5236,18.3838,6.4682
4,2,5.794,5.7907,2.2288,4,20.5845,20.5292,6.4292
4,2,5.794,5.7907,2.2288,5,19.7552,19.6632,8.9286
4,2,5.7315,5.766,2.3093,1,13.1124,11.8074,5.5057
4,2,5.7315,5.766,2.3093,2,8.7098,8.074,3.5714
4,2,5.7315,5.766,2.3093,3,18.7837,18.0515,6.8663
4,2,5.7315,5.766,2.3093,4,20.6204,19.8161,7.018
4,2,5.7315,5.766,2.3093,5,19.8013,18.9688,9.008
4,3,5.0115,5.1163,2.2371,1,8.6377,8.3126,3.1854
4,3,5.0115,5.1163,2.2371,2,4.9367,5.0609,1.8942
4,3,5.0115,5.1163,2.2371,3,9.9102,10.3081,2.3465
4,3,5.0115,5.1163,2.2371,4,12.1126,12.6396,2.3947
4,3,5.0115,5.1163,2.2371,5,11.943,12.6399,3.8151
4,3,5.0185,5.1554,2.1999,1,8.6134,8.1131,2.94
4,3,5.0185,5.1554,2.1999,2,5.0031,5.0803,1.9791
4,3,5.0185,5.1554,2.1999,3,10.0463,10.0533,2.1705
4,3,5.0185,5.1554,2.1999,4,12.3114,12.2105,2.37
4,3,5.0185,5.1554,2.1999,5,12.199,12.3123,3.4754
4,3,5.0913,5.1135,2.2586,1,8.3192,8.3217,2.5188
4,3,5.0913,5.1135,2.2586,2,4.9475,4.9741,1.8836
4,3,5.0913,5.1135,2.2586,3,9.9195,10.2039,2.7974
4,3,5.0913,5.1135,2.2586,4,11.8867,12.3937,3.009
4,3,5.0913,5.1135,2.2586,5,11.7144,12.4084,3.2768
4,3,5.0108,5.0897,2.2118,1,8.6162,8.4977,3.6875
4,3,5.0108,5.0897,2.2118,2,4.9863,4.9242,1.8592
4,3,5.0108,5.0897,2.2118,3,9.9876,10.0544,2.3615
4,3,5.0108,5.0897,2.2118,4,12.2296,11.8711,2.4913
4,3,5.0108,5.0897,2.2118,5,12.1114,11.7766,4.4659
4,3,5.033,5.1331,2.3263,1,8.572,7.8223,2.9797
4,3,5.033,5.1331,2.3263,2,5.0191,4.7107,1.998
4,3,5.033,5.1331,2.3263,3,9.8627,9.7007,3.1082
4,3,5.033,5.1331,2.3263,4,12.3134,11.7539,3.3192
4,3,5.033,5.1331,2.3263,5,12.2123,11.7386,5.1024
4,4,5.2981,5.4392,1.7444,1,10.6051,10.3047,3.0069
4,4,5.2981,5.4392,1.7444,2,5.8268,6.0556,1.9067
4,4,5.2981,5.4392,1.7444,3,11.5728,11.9535,3.4572
4,4,5.2981,5.4392,1.7444,4,13.5448,14.1779,3.8057
4,4,5.2981,5.4392,1.7444,5,14.9674,15.6257,5.0929
4,4,5.3834,5.298,1.7156,1,10.5341,10.5122,2.7879
4,4,5.3834,5.298,1.7156,2,5.9588,5.8618,1.876
4,4,5.3834,5.298,1.7156,3,11.6201,11.7088,2.9268
4,4,5.3834,5.298,1.7156,4,13.55,13.6999,3.2823
4,4,5.3834,5.298,1.7156,5,14.7142,15.0537,3.4587
4,4,5.3126,5.3048,1.7449,1,10.5467,10.3484,2.413
4,4,5.3126,5.3048,1.7449,2,5.7848,5.8457,1.8381
4,4,5.3126,5.3048,1.7449,3,11.5409,11.5931,3.0794
4,4,5.3126,5.3048,1.7449,4,13.5481,13.4664,3.0784
4,4,5.3126,5.3048,1.7449,5,14.8631,14.866,3.6766
4,4,5.3146,5.3351,1.7454,1,10.7514,11.0681,3.5236
4,4,5.3146,5.3351,1.7454,2,5.9142,5.9833,2.1994
4,4,5.3146,5.3351,1.7454,3,11.8444,11.447,4.6484
4,4,5.3146,5.3351,1.7454,4,13.6944,13.226,5.4267
4,4,5.3146,5.3351,1.7454,5,15.0447,14.6656,5.2249
4,4,5.292,5.3019,1.7696,1,10.6647,10.7032,2.5899
4,4,5.292,5.3019,1.7696,2,5.8908,5.8373,2.0496
4,4,5.292,5.3019,1.7696,3,11.7478,11.6594,2.98
4,4,5.292,5.3019,1.7696,4,13.6428,13.5946,3.6628
4,4,5.292,5.3019,1.7696,5,15.1109,14.892,4.1644
4,5,5.0605,5.065,2.5755,1,9.8322,9.9643,2.7877
4,5,5.0605,5.065,2.5755,2,6.2915,6.5477,1.6243
4,5,5.0605,5.065,2.5755,3,5.8928,6.2038,2.0455
4,5,5.0605,5.065,2.5755,4,6.9908,7.4888,2.0626
4,5,5.0605,5.065,2.5755,5,6.2072,6.4839,2.9266
4,5,5.0369,5.0552,2.5159,1,10.3979,9.7907,2.2316
4,5,5.0369,5.0552,2.5159,2,6.7545,6.4927,1.4452
4,5,5.0369,5.0552,2.5159,3,6.0751,6.0936,1.8619
4,5,5.0369,5.0552,2.5159,4,7.0006,6.932,1.8576
4,5,5.0369,5.0552,2.5159,5,6.1329,5.8845,2.713
4,5,5.14,5.0236,2.4723,1,10.1136,10.199,2.988
4,5,5.14,5.0236,2.4723,2,6.5988,6.6693,1.5257
4,5,5.14,5.0236,2.4723,3,6.0973,6.1292,2.1234
4,5,5.14,5.0236,2.4723,4,7.0627,7.2239,1.9773
4,5,5.14,5.0236,2.4723,5,6.1107,6.1486,2.6828
4,5,5.0993,5.0593,2.4694,1,10.3317,10.0028,2.9134
4,5,5.0993,5.0593,2.4694,2,6.7374,6.6107,1.7522
4,5,5.0993,5.0593,2.4694,3,6.1955,6.1788,1.9696
4,5,5.0993,5.0593,2.4694,4,6.7823,7.2399,1.9599
4,5,5.0993,5.0593,2.4694,5,5.8566,6.2147,2.7165
4,5,5.1489,5.0719,2.4998,1,9.8208,9.2806,1.9376
4,5,5.1489,5.0719,2.4998,2,6.4356,6.2066,1.6845
4,5,5.1489,5.0719,2.4998,3,6.2967,5.9685,2.0394
4,5,5.1489,5.0719,2.4998,4,7.4167,7.0348,2.1371
4,5,5.1489,5.0719,2.4998,5,6.1044,5.9247,2.6859
5,1,8.6681,8.6838,2.6029,1,8.8866,8.7969,3.6176
5,1,8.6681,8.6838,2.6029,2,9.9369,10.5422,2.8005
5,1,8.6681,8.6838,2.6029,3,20.3565,22.4891,2.6449
5,1,8.6681,8.6838,2.6029,4,25.7259,27.1418,3.7537
5,1,8.6681,8.6838,2.6029,5,22.2514,21.6941,5.1413
5,1,8.5893,8.5933,2.6904,1,8.8894,8.4374,3.4352
5,1,8.5893,8.5933,2.6904,2,12.6077,10.1558,3.3383
5,1,8.5893,8.5933,2.6904,3,26.8414,21.614,4.0005
5,1,8.5893,8.5933,2.6904,4,34.0152,26.4922,4.9315
5,1,8.5893,8.5933,2.6904,5,24.1754,20.5134,5.4156
5,1,8.7535,8.682,2.7054,1,8.8336,8.2652,4.8256
5,1,8.7535,8.682,2.7054,2,11.2643,11.6321,4.8567
5,1,8.7535,8.682,2.7054,3,23.589,24.2066,6.3204
5,1,8.7535,8.682,2.7054,4,29.3417,30.6916,9.171
5,1,8.7535,8.682,2.7054,5,21.8341,22.7146,8.9953
5,1,8.5506,8.6836,2.8109,1,8.7267,8.2867,4.4773
5,1,8.5506,8.6836,2.8109,2,12.3761,11.4623,2.9215
5,1,8.5506,8.6836,2.8109,3,26.1669,24.1749,5.2509
5,1,8.5506,8.6836,2.8109,4,34.2083,29.5036,5.5929
5,1,8.5506,8.6836,2.8109,5,23.5336,21.6111,5.6252
5,1,8.5446,8.7122,2.7487,1,8.1953,8.798,3.7814
5,1,8.5446,8.7122,2.7487,2,8.9279,9.1313,4.5183
5,1,8.5446,8.7122,2.7487,3,19.3343,19.5644,5.4353
5,1,8.5446,8.7122,2.7487,4,23.2396,23.0826,7.2724
5,1,8.5446,8.7122,2.7487,5,20.0053,19.6509,7.8704
5,2,5.6132,5.6422,2.3613,1,12.8869,12.3283,11.8395
5,2,5.6132,5.6422,2.3613,2,8.6295,8.3426,5.4943
5,2,5.6132,5.6422,2.3613,3,18.3411,18.1993,18.3427
5,2,5.6132,5.6422,2.3613,4,20.4062,19.8383,16.7442
5,2,5.6132,5.6422,2.3613,5,19.3044,18.8468,17.8575
5,2,5.641,5.6114,2.6905,1,12.7676,13.5515,5.6839
5,2,5.641,5.6114,2.6905,2,8.2099,8.845,3.2278
5,2,5.641,5.6114,2.6905,3,17.8362,18.3509,15.2606
5,2,5.641,5.6114,2.6905,4,19.6118,20.3745,8.8036
5,2,5.641,5.6114,2.6905,5,19.1735,19.5779,13.9333
5,2,5.6746,5.6566,2.3591,1,12.3388,12.1369,7.4159
5,2,5.6746,5.6566,2.3591,2,8.8061,8.3171,6.4457
5,2,5.6746,5.6566,2.3591,3,18.4221,18.0653,21.5225
5,2,5.6746,5.6566,2.3591,4,20.558,20.0173,20.3558
5,2,5.6746,5.6566,2.3591,5,19.7476,19.1493,14.6349
5,2,5.6334,5.6408,2.3401,1,12.6763,11.8806,9.3063
5,2,5.6334,5.6408,2.3401,2,8.1503,7.9897,4.4856
5,2,5.6334,5.6408,2.3401,3,17.6163,17.429,16.0965
5,2,5.6334,5.6408,2.3401,4,19.5611,19.0606,11.1229
5,2,5.6334,5.6408,2.3401,5,18.7409,18.4034,15.1301
5,2,5.621,5.6512,2.4208,1,12.6173,12.5633,3.5894
5,2,5.621,5.6512,2.4208,2,8.5415,8.2725,2.8832
5,2,5.621,5.6512,2.4208,3,18.1421,17.9246,7.4647
5,2,5.621,5.6512,2.4208,4,19.9491,19.9328,8.1021
5,2,5.621,5.6512,2.4208,5,19.2799,19.3383,7.8357
5,3,4.942,5.0143,2.2601,1,8.5801,8.4946,3.5624
5,3,4.942,5.0143,2.2601,2,4.9933,4.9987,2.0455
5,3,4.942,5.0143,2.2601,3,9.9411,10.1636,3.5091
5,3,4.942,5.0143,2.2601,4,12.2808,12.5665,4.1761
5,3,4.942,5.0143,2.2601,5,12.2954,12.4604,5.5894
5,3,4.9828,5.0654,2.1874,1,8.9258,8.5076,4.3998
5,3,4.9828,5.0654,2.1874,2,5.3528,5.0853,1.8792
5,3,4.9828,5.0654,2.1874,3,10.2244,10.303,2.5239
5,3,4.9828,5.0654,2.1874,4,13.0659,12.5706,2.8282
5,3,4.9828,5.0654,2.1874,5,12.9501,12.3081,5.8824
5,3,4.986,5.0352,2.2964,1,8.368,8.2289,5.2822
5,3,4.986,5.0352,2.2964,2,4.8514,5.0085,2.2202
5,3,4.986,5.0352,2.2964,3,9.9953,10.4018,2.9657
5,3,4.986,5.0352,2.2964,4,12.2551,12.4933,4.2648
5,3,4.986,5.0352,2.2964,5,12.0938,12.4359,9.4649
5,3,4.923,5.0059,2.2877,1,8.5559,9.0905,4.0462
5,3,4.923,5.0059,2.2877,2,5.2001,5.2239,1.8486
5,3,4.923,5.0059,2.2877,3,9.7667,10.2558,2.5662
5,3,4.923,5.0059,2.2877,4,12.7866,12.5933,2.5069
5,3,4.923,5.0059,2.2877,5,12.6088,12.8835,4.6792
5,3,5.005,5.0156,2.3359,1,8.6721,8.3429,4.1157
5,3,5.005,5.0156,2.3359,2,4.9446,4.8747,2.1544
5,3,5.005,5.0156,2.3359,3,10.1505,10.1849,3.2264
5,3,5.005,5.0156,2.3359,4,12.2994,11.9266,3.9504
5,3,5.005,5.0156,2.3359,5,12.2959,11.9051,8.2009
5,4,5.3168,5.2887,1.8437,1,10.3847,10.5862,3.0622
5,4,5.3168,5.2887,1.8437,2,5.849,5.8795,2.3281
5,4,5.3168,5.2887,1.8437,3,11.4714,11.5227,8.1613
5,4,5.3168,5.2887,1.8437,4,13.4659,13.6777,8.5348
5,4,5.3168,5.2887,1.8437,5,14.7178,15.2803,9.3826
5,4,5.3273,5.2857,1.8193,1,11.3826,10.3581,2.5958
5,4,5.3273,5.2857,1.8193,2,6.0074,5.72,2.2331
5,4,5.3273,5.2857,1.8193,3,11.8714,11.4012,7.3599
5,4,5.3273,5.2857,1.8193,4,13.54,13.4571,9.6429
5,4,5.3273,5.2857,1.8193,5,15.3249,15.0263,9.0771
5,4,5.3266,5.326,1.726,1,11.1207,10.8764,3.672
5,4,5.3266,5.326,1.726,2,5.8417,5.9284,2.677
5,4,5.3266,5.326,1.726,3,11.6233,11.5502,5.5006
5,4,5.3266,5.326,1.726,4,13.3253,13.507,7.2367
5,4,5.3266,5.326,1.726,5,15.189,14.882,9.3578
5,4,5.2797,5.295,1.7524,1,10.4958,11.0929,4.0363
5,4,5.2797,5.295,1.7524,2,5.835,6.1695,2.364
5,4,5.2797,5.295,1.7524,3,11.8266,11.6814,4.3055
5,4,5.2797,5.295,1.7524,4,13.5621,13.6234,4.7539
5,4,5.2797,5.295,1.7524,5,15.0338,14.9945,6.4531
5,4,5.2982,5.2913,1.7196,1,11.0906,10.5543,2.9523
5,4,5.2982,5.2913,1.7196,2,5.8106,5.9304,1.9417
5,4,5.2982,5.2913,1.7196,3,11.3793,11.5991,3.5845
5,4,5.2982,5.2913,1.7196,4,13.2392,13.314,3.634
5,4,5.2982,5.2913,1.7196,5,14.6876,15.0014,4.6029
5,5,5.1174,5.0122,2.6754,1,9.8052,10.6953,2.7921
5,5,5.1174,5.0122,2.6754,2,6.3745,6.8178,1.6344
5,5,5.1174,5.0122,2.6754,3,6.3427,6.2047,1.5107
5,5,5.1174,5.0122,2.6754,4,7.4494,7.1289,1.8457
5,5,5.1174,5.0122,2.6754,5,6.1426,6.299,3.2063
5,5,5.0966,5.0029,2.5295,1,10.3345,10.4757,3.3226
5,5,5.0966,5.0029,2.5295,2,6.6474,6.5194,2.1428
5,5,5.0966,5.0029,2.5295,3,6.1508,6.0468,2.3148
5,5,5.0966,5.0029,2.5295,4,7.2539,7.0893,2.2413
5,5,5.0966,5.0029,2.5295,5,6.0189,6.1993,2.8314
5,5,5.0379,5.0306,2.5629,1,10.5808,10.2779,2.5418
5,5,5.0379,5.0306,2.5629,2,6.892,6.8861,1.7651
5,5,5.0379,5.0306,2.5629,3,6.2636,6.4395,1.5743
5,5,5.0379,5.0306,2.5629,4,7.1746,7.1386,1.9685
5,5,5.0379,5.0306,2.5629,5,6.2957,6.121,3.2813
5,5,5.0093,5.0324,2.6277,1,10.4769,10.4558,3.1208
5,5,5.0093,5.0324,2.6277,2,6.9857,6.6184,1.5622
5,5,5.0093,5.0324,2.6277,3,5.9429,5.9729,1.7193
5,5,5.0093,5.0324,2.6277,4,6.9827,7.0261,2.0789
5,5,5.0093,5.0324,2.6277,5,6.0692,6.2931,3.3021
5,5,5.0753,5.0041,2.6594,1,10.4438,10.6848,3.2064
5,5,5.0753,5.0041,2.6594,2,6.8731,6.8301,1.6388
5,5,5.0753,5.0041,2.6594,3,6.2949,6.1178,2.2585
5,5,5.0753,5.0041,2.6594,4,7.5025,7.111,2.3951
5,5,5.0753,5.0041,2.6594,5,6.2971,6.1686,3.2627
