1,6,1.6693,1.662,0.8004,6,3.5902,3.6494,1.3811
1,6,1.6693,1.662,0.8004,7,5.8377,5.6538,4.0077
1,6,1.6693,1.662,0.8004,8,7.356,7.2233,3.4608
1,6,1.6693,1.662,0.8004,9,12.9768,12.8638,2.8666
1,6,1.6693,1.662,0.8004,10,25.5227,25.2939,6.1231
1,6,1.6693,1.6613,0.77027,6,3.4602,3.5281,1.3978
1,6,1.6693,1.6613,0.77027,7,5.6664,5.515,4.2046
1,6,1.6693,1.6613,0.77027,8,7.0893,7.136,3.6693
1,6,1.6693,1.6613,0.77027,9,13.0898,12.9306,2.2639
1,6,1.6693,1.6613,0.77027,10,26.0109,26.0321,5.3126
1,6,1.6709,1.6626,0.83544,6,3.5492,3.575,1.3804
1,6,1.6709,1.6626,0.83544,7,5.5443,5.5689,3.8906
1,6,1.6709,1.6626,0.83544,8,7.234,7.1266,3.4742
1,6,1.6709,1.6626,0.83544,9,13.0127,12.6593,2.6061
1,6,1.6709,1.6626,0.83544,10,26.1173,25.8389,5.8364
1,6,1.6719,1.6607,0.74547,6,3.436,3.4513,1.4484
1,6,1.6719,1.6607,0.74547,7,5.6898,5.5431,3.8892
1,6,1.6719,1.6607,0.74547,8,7.2094,7.0785,3.5422
1,6,1.6719,1.6607,0.74547,9,13.3882,13.0564,2.0867
1,6,1.6719,1.6607,0.74547,10,26.101,26.299,5.2796
1,6,1.6695,1.6674,0.77579,6,3.5633,3.4234,1.3752
1,6,1.6695,1.6674,0.77579,7,5.7723,5.6634,3.8562
1,6,1.6695,1.6674,0.77579,8,7.2898,7.1585,3.5356
1,6,1.6695,1.6674,0.77579,9,12.752,13.0948,2.5645
1,6,1.6695,1.6674,0.77579,10,25.3347,26.2483,6.0642
1,7,2.1587,2.1497,1.2064,6,3.756,3.8659,2.8358
1,7,2.1587,2.1497,1.2064,7,2.4076,2.2991,1.2412
1,7,2.1587,2.1497,1.2064,8,5.0392,5.1255,3.9552
1,7,2.1587,2.1497,1.2064,9,12.9436,13.1071,6.279
1,7,2.1587,2.1497,1.2064,10,30.4371,30.7327,15.4629
1,7,2.1585,2.1528,1.1696,6,3.7884,3.9497,2.7735
1,7,2.1585,2.1528,1.1696,7,2.4159,2.3908,1.2278
1,7,2.1585,2.1528,1.1696,8,5.1679,5.1598,3.6984
1,7,2.1585,2.1528,1.1696,9,13.122,12.8404,6.457
1,7,2.1585,2.1528,1.1696,10,31.1477,30.427,15.5261
1,7,2.1624,2.161,1.1919,6,4.1317,3.9162,2.915
1,7,2.1624,2.161,1.1919,7,2.3861,2.3587,1.2755
1,7,2.1624,2.161,1.1919,8,5.277,5.2149,3.8823
1,7,2.1624,2.161,1.1919,9,12.801,13.0045,7.0861
1,7,2.1624,2.161,1.1919,10,30.857,31.2448,17.4117
1,7,2.158,2.1527,1.2307,6,3.7435,3.8389,2.9544
1,7,2.158,2.1527,1.2307,7,2.3811,2.3754,1.2288
1,7,2.158,2.1527,1.2307,8,5.1165,5.0994,3.9434
1,7,2.158,2.1527,1.2307,9,13.0887,13.0398,6.6619
1,7,2.158,2.1527,1.2307,10,30.95,30.7951,16.2472
1,7,2.156,2.1547,1.1919,6,3.888,3.7575,2.9342
1,7,2.156,2.1547,1.1919,7,2.4063,2.4075,1.228
1,7,2.156,2.1547,1.1919,8,5.1508,5.0842,3.7578
1,7,2.156,2.1547,1.1919,9,13.0212,13.1404,5.8157
1,7,2.156,2.1547,1.1919,10,30.6108,30.7175,13.8203
1,8,2.4554,2.4506,1.5815,6,4.5859,4.5672,1.9962
1,8,2.4554,2.4506,1.5815,7,4.4324,4.4115,2.1777
1,8,2.4554,2.4506,1.5815,8,5.2339,5.2107,3.3478
1,8,2.4554,2.4506,1.5815,9,13.2719,13.4759,4.0887
1,8,2.4554,2.4506,1.5815,10,28.2196,28.0829,11.781
1,8,2.4571,2.4547,1.5687,6,4.5472,4.5803,1.946
1,8,2.4571,2.4547,1.5687,7,4.3755,4.4347,2.2435
1,8,2.4571,2.4547,1.5687,8,5.1432,5.3143,3.1969
1,8,2.4571,2.4547,1.5687,9,13.4748,13.3436,3.6087
1,8,2.4571,2.4547,1.5687,10,28.2371,28.0168,9.6516
1,8,2.4514,2.4541,1.7285,6,4.682,4.4863,2.2153
1,8,2.4514,2.4541,1.7285,7,4.4314,4.4858,2.349
1,8,2.4514,2.4541,1.7285,8,5.278,5.2435,3.5121
1,8,2.4514,2.4541,1.7285,9,13.1832,13.4301,3.5409
1,8,2.4514,2.4541,1.7285,10,27.7896,28.2744,9.5678
1,8,2.4533,2.4536,1.5976,6,4.5259,4.4754,2.1198
1,8,2.4533,2.4536,1.5976,7,4.5189,4.4137,2.2382
1,8,2.4533,2.4536,1.5976,8,5.2882,5.2495,3.2317
1,8,2.4533,2.4536,1.5976,9,13.4413,13.5149,3.6774
1,8,2.4533,2.4536,1.5976,10,27.8722,28.2904,9.8847
1,8,2.4589,2.4505,1.6282,6,4.5593,4.5949,2.1399
1,8,2.4589,2.4505,1.6282,7,4.4015,4.3452,2.162
1,8,2.4589,2.4505,1.6282,8,5.24,5.1673,3.3139
1,8,2.4589,2.4505,1.6282,9,13.15,13.3885,3.8434
1,8,2.4589,2.4505,1.6282,10,28.0503,28.1523,10.9265
1,9,3.78,3.7635,2.9665,6,28.4411,27.9035,3.1342
1,9,3.78,3.7635,2.9665,7,23.2405,22.7167,4.0212
1,9,3.78,3.7635,2.9665,8,25.1915,24.589,4.9745
1,9,3.78,3.7635,2.9665,9,4.1371,4.0163,2.5883
1,9,3.78,3.7635,2.9665,10,5.2588,5.2782,4.3935
1,9,3.7719,3.7653,2.9725,6,28.3016,27.4359,3.5868
1,9,3.7719,3.7653,2.9725,7,23.2789,22.5169,4.486
1,9,3.7719,3.7653,2.9725,8,25.2235,24.5257,6.4075
1,9,3.7719,3.7653,2.9725,9,4.1421,4.0252,2.5186
1,9,3.7719,3.7653,2.9725,10,5.1392,5.1791,4.3604
1,9,3.7693,3.7703,3.1104,6,27.7008,27.5384,4.2538
1,9,3.7693,3.7703,3.1104,7,22.858,22.7267,4.7102
1,9,3.7693,3.7703,3.1104,8,24.5834,24.6845,6.7548
1,9,3.7693,3.7703,3.1104,9,4.0421,4.052,2.614
1,9,3.7693,3.7703,3.1104,10,5.3029,5.208,4.6042
1,9,3.7709,3.769,2.9645,6,28.6631,27.0346,3.5596
1,9,3.7709,3.769,2.9645,7,23.5206,22.2802,4.5041
1,9,3.7709,3.769,2.9645,8,25.4224,24.2378,6.0138
1,9,3.7709,3.769,2.9645,9,4.1946,3.9898,2.5877
1,9,3.7709,3.769,2.9645,10,5.1341,5.1221,4.2095
1,9,3.7314,3.7692,2.9571,6,28.3349,28.2377,3.742
1,9,3.7314,3.7692,2.9571,7,23.1598,23.1903,4.3756
1,9,3.7314,3.7692,2.9571,8,25.2506,25.2706,5.3128
1,9,3.7314,3.7692,2.9571,9,4.2061,4.1914,2.5484
1,9,3.7314,3.7692,2.9571,10,5.1649,4.958,4.3901
1,10,3.3691,3.3547,1.5823,6,46.6229,44.4782,13.0917
1,10,3.3691,3.3547,1.5823,7,41.1549,39.1924,16.5528
1,10,3.3691,3.3547,1.5823,8,44.6995,42.6898,21.6532
1,10,3.3691,3.3547,1.5823,9,13.876,12.9261,5.316
1,10,3.3691,3.3547,1.5823,10,6.902,6.6532,3.3819
1,10,3.3656,3.3631,1.5208,6,46.0411,44.5207,14.3822
1,10,3.3656,3.3631,1.5208,7,40.7725,39.3401,17.4631
1,10,3.3656,3.3631,1.5208,8,44.236,42.9928,21.843
1,10,3.3656,3.3631,1.5208,9,13.6825,12.9647,5.5633
1,10,3.3656,3.3631,1.5208,10,6.7575,6.5502,3.5982
1,10,3.3645,3.3559,1.5285,6,45.3868,46.7451,11.6532
1,10,3.3645,3.3559,1.5285,7,40.3867,41.1171,14.4926
1,10,3.3645,3.3559,1.5285,8,43.6286,44.6812,17.3748
1,10,3.3645,3.3559,1.5285,9,13.4792,13.8102,4.5197
1,10,3.3645,3.3559,1.5285,10,6.7106,6.8464,3.6197
1,10,3.3588,3.3488,1.5516,6,46.4159,44.834,13.2379
1,10,3.3588,3.3488,1.5516,7,40.9037,39.6204,16.268
1,10,3.3588,3.3488,1.5516,8,44.4675,43.4148,20.8318
1,10,3.3588,3.3488,1.5516,9,13.8441,13.219,5.1344
1,10,3.3588,3.3488,1.5516,10,6.8982,6.7292,3.1861
1,10,3.3526,3.3529,1.4774,6,45.9662,44.1522,13.859
1,10,3.3526,3.3529,1.4774,7,40.614,38.9699,17.4682
1,10,3.3526,3.3529,1.4774,8,44.0329,42.5835,22.0745
1,10,3.3526,3.3529,1.4774,9,13.5912,12.873,5.3765
1,10,3.3526,3.3529,1.4774,10,6.7792,6.66,3.1885
2,6,1.6707,1.6605,0.82151,6,3.6123,3.6354,1.5875
2,6,1.6707,1.6605,0.82151,7,5.9271,5.4938,3.4658
2,6,1.6707,1.6605,0.82151,8,7.4499,7.1313,4.3743
2,6,1.6707,1.6605,0.82151,9,12.7314,12.7724,3.0442
2,6,1.6707,1.6605,0.82151,10,24.8686,25.4177,6.8499
2,6,1.6682,1.6586,0.73036,6,3.4689,3.4864,1.2422
2,6,1.6682,1.6586,0.73036,7,5.7548,5.4833,2.2629
2,6,1.6682,1.6586,0.73036,8,7.1853,6.9869,3.1141
2,6,1.6682,1.6586,0.73036,9,12.9807,13.1113,2.7937
2,6,1.6682,1.6586,0.73036,10,25.8232,26.3285,6.0949
2,6,1.665,1.6699,0.69146,6,3.5488,3.4703,1.1499
2,6,1.665,1.6699,0.69146,7,5.7387,5.7295,1.5689
2,6,1.665,1.6699,0.69146,8,7.3093,7.2678,2.607
2,6,1.665,1.6699,0.69146,9,12.9497,13.0261,2.6989
2,6,1.665,1.6699,0.69146,10,25.4814,26.0108,5.7634
2,6,1.6597,1.6679,0.73964,6,3.5122,3.4558,1.503
2,6,1.6597,1.6679,0.73964,7,5.5351,5.7152,4.2849
2,6,1.6597,1.6679,0.73964,8,7.2183,7.187,4.5858
2,6,1.6597,1.6679,0.73964,9,12.7251,12.9619,2.9487
2,6,1.6597,1.6679,0.73964,10,25.4609,25.9554,6.8855
2,6,1.6607,1.6659,0.67716,6,3.5693,3.5439,1.2089
2,6,1.6607,1.6659,0.67716,7,5.7945,5.8065,2.2855
2,6,1.6607,1.6659,0.67716,8,7.2203,7.2961,3.0636
2,6,1.6607,1.6659,0.67716,9,12.8083,12.8035,2.7531
2,6,1.6607,1.6659,0.67716,10,24.7146,25.7326,5.9331
2,7,2.1484,2.1528,1.0846,6,3.8395,3.7257,2.8597
2,7,2.1484,2.1528,1.0846,7,2.3211,2.4183,0.86111
2,7,2.1484,2.1528,1.0846,8,5.1314,5.096,4.0509
2,7,2.1484,2.1528,1.0846,9,13.1292,13.1563,5.5908
2,7,2.1484,2.1528,1.0846,10,30.9732,30.7708,12.2969
2,7,2.153,2.1511,1.0923,6,3.9141,3.8477,2.7317
2,7,2.153,2.1511,1.0923,7,2.3346,2.3277,0.80072
2,7,2.153,2.1511,1.0923,8,5.1293,5.1205,3.9295
2,7,2.153,2.1511,1.0923,9,12.9902,13.0972,5.2469
2,7,2.153,2.1511,1.0923,10,30.895,30.9932,12.3004
2,7,2.1587,2.1527,1.0705,6,3.782,3.7586,2.8866
2,7,2.1587,2.1527,1.0705,7,2.4282,2.2765,0.79487
2,7,2.1587,2.1527,1.0705,8,5.1237,5.1202,4.0041
2,7,2.1587,2.1527,1.0705,9,13.1063,13.4182,5.3185
2,7,2.1587,2.1527,1.0705,10,31.0175,31.1911,11.4157
2,7,2.1575,2.1531,1.0234,6,3.7286,3.7884,2.7118
2,7,2.1575,2.1531,1.0234,7,2.4384,2.3745,0.86152
2,7,2.1575,2.1531,1.0234,8,5.0646,5.0977,3.9836
2,7,2.1575,2.1531,1.0234,9,13.0138,13.1522,5.7761
2,7,2.1575,2.1531,1.0234,10,30.7207,30.9975,13.1141
2,7,2.1498,2.1512,1.095,6,3.8498,3.802,3.0173
2,7,2.1498,2.1512,1.095,7,2.3602,2.3069,0.87349
2,7,2.1498,2.1512,1.095,8,5.157,5.1174,3.9544
2,7,2.1498,2.1512,1.095,9,13.1458,13.2063,5.814
2,7,2.1498,2.1512,1.095,10,30.9918,31.1979,13.1031
2,8,2.4469,2.4493,1.4676,6,4.4796,4.6192,2.0004
2,8,2.4469,2.4493,1.4676,7,4.4888,4.4116,1.3062
2,8,2.4469,2.4493,1.4676,8,5.2506,5.1996,3.0299
2,8,2.4469,2.4493,1.4676,9,13.6888,13.2207,5.0755
2,8,2.4469,2.4493,1.4676,10,28.1516,28.3317,9.9467
2,8,2.4484,2.4492,1.464,6,4.6626,4.5457,1.9244
2,8,2.4484,2.4492,1.464,7,4.4196,4.4058,1.4574
2,8,2.4484,2.4492,1.464,8,5.2258,5.206,3.0947
2,8,2.4484,2.4492,1.464,9,13.3974,13.2478,3.6375
2,8,2.4484,2.4492,1.464,10,27.989,27.8633,8.1571
2,8,2.4519,2.4498,1.5959,6,4.6113,4.556,2.1364
2,8,2.4519,2.4498,1.5959,7,4.2621,4.3471,2.0216
2,8,2.4519,2.4498,1.5959,8,5.1639,5.1874,3.4192
2,8,2.4519,2.4498,1.5959,9,13.3142,13.1189,5.6184
2,8,2.4519,2.4498,1.5959,10,27.9473,27.9495,10.7729
2,8,2.453,2.4487,1.4974,6,4.6012,4.4089,2.0383
2,8,2.453,2.4487,1.4974,7,4.5872,4.3116,1.4604
2,8,2.453,2.4487,1.4974,8,5.3724,5.123,3.0909
2,8,2.453,2.4487,1.4974,9,13.3708,13.5752,4.0854
2,8,2.453,2.4487,1.4974,10,27.7901,28.1788,8.5362
2,8,2.4504,2.4476,1.5269,6,4.5438,4.6787,2.1547
2,8,2.4504,2.4476,1.5269,7,4.4296,4.3267,1.6652
2,8,2.4504,2.4476,1.5269,8,5.226,5.169,3.2217
2,8,2.4504,2.4476,1.5269,9,13.294,13.1906,4.7419
2,8,2.4504,2.4476,1.5269,10,27.9522,28.051,10.092
2,9,3.7247,3.6854,2.9286,6,28.7922,28.8265,4.4988
2,9,3.7247,3.6854,2.9286,7,23.4617,23.3511,5.0592
2,9,3.7247,3.6854,2.9286,8,25.4222,25.2466,6.3302
2,9,3.7247,3.6854,2.9286,9,4.115,4.1948,2.7977
2,9,3.7247,3.6854,2.9286,10,5.1043,5.4326,4.8675
2,9,3.7687,3.6689,2.9265,6,28.4737,28.2223,2.2121
2,9,3.7687,3.6689,2.9265,7,23.2738,23.1366,4.5833
2,9,3.7687,3.6689,2.9265,8,25.1599,25.3395,4.327
2,9,3.7687,3.6689,2.9265,9,4.1318,4.2541,2.4342
2,9,3.7687,3.6689,2.9265,10,5.2082,5.1578,4.0241
2,9,3.7196,3.6713,2.7532,6,27.6092,27.4271,2.4195
2,9,3.7196,3.6713,2.7532,7,22.562,22.3063,3.9645
2,9,3.7196,3.6713,2.7532,8,24.6933,24.4206,4.9175
2,9,3.7196,3.6713,2.7532,9,3.9868,4.019,2.6731
2,9,3.7196,3.6713,2.7532,10,5.1488,5.3122,4.1006
2,9,3.7672,3.6642,2.7394,6,28.165,28.1648,5.0158
2,9,3.7672,3.6642,2.7394,7,23.0012,22.6706,4.6495
2,9,3.7672,3.6642,2.7394,8,24.8955,24.8537,6.7933
2,9,3.7672,3.6642,2.7394,9,4.0977,4.0744,2.5577
2,9,3.7672,3.6642,2.7394,10,5.2482,5.4323,3.9459
2,9,3.7656,3.6712,2.9136,6,28.1544,28.5684,2.9968
2,9,3.7656,3.6712,2.9136,7,23.1144,23.1731,4.5184
2,9,3.7656,3.6712,2.9136,8,25.076,25.3929,4.92
2,9,3.7656,3.6712,2.9136,9,4.1193,4.1943,2.5491
2,9,3.7656,3.6712,2.9136,10,5.1559,5.1523,4.1947
2,10,3.2623,3.2827,1.6577,6,45.9277,45.6846,8.6196
2,10,3.2623,3.2827,1.6577,7,40.368,39.9343,13.5695
2,10,3.2623,3.2827,1.6577,8,43.6643,43.1928,15.8574
2,10,3.2623,3.2827,1.6577,9,13.5998,12.9538,3.3334
2,10,3.2623,3.2827,1.6577,10,6.8811,7.093,3.6837
2,10,3.2896,3.3462,1.5575,6,44.8713,46.082,9.9417
2,10,3.2896,3.3462,1.5575,7,39.6402,40.6803,14.2672
2,10,3.2896,3.3462,1.5575,8,43.4738,44.2224,17.3969
2,10,3.2896,3.3462,1.5575,9,13.5548,13.6941,3.5041
2,10,3.2896,3.3462,1.5575,10,6.9058,6.8828,3.6293
2,10,3.3504,3.3704,1.4314,6,46.2541,47.6091,12.1765
2,10,3.3504,3.3704,1.4314,7,40.5727,41.5552,13.3955
2,10,3.3504,3.3704,1.4314,8,44.2048,45.0869,18.9462
2,10,3.3504,3.3704,1.4314,9,13.6677,14.1076,5.1193
2,10,3.3504,3.3704,1.4314,10,6.7319,7.0291,2.8476
2,10,3.2611,3.3627,1.3786,6,45.5716,45.7231,13.8809
2,10,3.2611,3.3627,1.3786,7,40.0024,40.0026,15.6435
2,10,3.2611,3.3627,1.3786,8,43.4554,43.2512,19.8012
2,10,3.2611,3.3627,1.3786,9,13.3084,13.1989,5.0708
2,10,3.2611,3.3627,1.3786,10,6.8467,6.5926,2.6358
2,10,3.3454,3.343,1.465,6,45.3527,46.2096,16.8459
2,10,3.3454,3.343,1.465,7,39.8373,40.4441,12.9089
2,10,3.3454,3.343,1.465,8,43.3216,43.9166,18.5052
2,10,3.3454,3.343,1.465,9,13.2567,13.4787,4.9708
2,10,3.3454,3.343,1.465,10,6.5902,6.7843,3.6634
3,6,1.661,1.6728,0.74205,6,3.5711,3.5625,1.6773
3,6,1.661,1.6728,0.74205,7,5.722,5.7448,4.7054
3,6,1.661,1.6728,0.74205,8,7.328,7.1659,5.3188
3,6,1.661,1.6728,0.74205,9,12.8924,12.6056,3.2764
3,6,1.661,1.6728,0.74205,10,25.3052,25.8138,7.0098
3,6,1.6564,1.6595,0.73001,6,3.5206,3.5319,1.8122
3,6,1.6564,1.6595,0.73001,7,5.7741,5.4913,5.8446
3,6,1.6564,1.6595,0.73001,8,7.3043,7.0826,5.6595
3,6,1.6564,1.6595,0.73001,9,12.9899,12.8964,1.6159
3,6,1.6564,1.6595,0.73001,10,26.0588,25.8699,5.401
3,6,1.6549,1.666,0.78647,6,3.483,3.4879,1.5878
3,6,1.6549,1.666,0.78647,7,5.6578,5.397,4.056
3,6,1.6549,1.666,0.78647,8,7.2872,7.0445,4.5127
3,6,1.6549,1.666,0.78647,9,13.1427,12.9921,3.7632
3,6,1.6549,1.666,0.78647,10,26.0662,26.3045,8.2818
3,6,1.6652,1.6651,0.73631,6,3.6442,3.6027,1.4412
3,6,1.6652,1.6651,0.73631,7,5.8697,5.5271,4.1408
3,6,1.6652,1.6651,0.73631,8,7.3454,7.0674,3.717
3,6,1.6652,1.6651,0.73631,9,12.5534,12.7003,2.2146
3,6,1.6652,1.6651,0.73631,10,25.2098,25.5068,5.857
3,6,1.66,1.6646,0.78979,6,3.5785,3.5705,1.5704
3,6,1.66,1.6646,0.78979,7,5.5259,5.5183,3.3698
3,6,1.66,1.6646,0.78979,8,7.162,7.1338,3.6314
3,6,1.66,1.6646,0.78979,9,13.1675,12.7991,3.1958
3,6,1.66,1.6646,0.78979,10,25.5117,25.9181,8.5581
3,7,2.1546,2.158,1.122,6,3.5689,3.7291,3.0295
3,7,2.1546,2.158,1.122,7,2.3127,2.4409,0.67426
3,7,2.1546,2.158,1.122,8,4.9834,5.1164,3.6148
3,7,2.1546,2.158,1.122,9,13.3483,13.1394,5.6958
3,7,2.1546,2.158,1.122,10,31.1434,31.0047,13.8687
3,7,2.1503,2.1494,1.0563,6,3.8742,3.8655,2.6713
3,7,2.1503,2.1494,1.0563,7,2.3775,2.3608,0.86715
3,7,2.1503,2.1494,1.0563,8,5.1921,5.1118,4.0551
3,7,2.1503,2.1494,1.0563,9,13.1083,12.9062,5.5821
3,7,2.1503,2.1494,1.0563,10,30.9253,30.4608,15.2984
3,7,2.1513,2.1499,1.0391,6,3.9684,3.7781,3.2049
3,7,2.1513,2.1499,1.0391,7,2.3492,2.299,0.64263
3,7,2.1513,2.1499,1.0391,8,5.186,5.1168,3.5997
3,7,2.1513,2.1499,1.0391,9,12.8507,13.2663,8.4391
3,7,2.1513,2.1499,1.0391,10,30.9133,31.0878,23.5777
3,7,2.1542,2.149,1.1417,6,3.9423,3.7682,2.7826
3,7,2.1542,2.149,1.1417,7,2.2987,2.3446,0.92209
3,7,2.1542,2.149,1.1417,8,5.1474,5.0887,3.8169
3,7,2.1542,2.149,1.1417,9,12.8496,13.1735,7.6913
3,7,2.1542,2.149,1.1417,10,31.0034,31.0171,16.2954
3,7,2.1552,2.1627,1.1763,6,3.8791,3.8103,3.0408
3,7,2.1552,2.1627,1.1763,7,2.3534,2.2686,0.90898
3,7,2.1552,2.1627,1.1763,8,5.1533,5.144,4.1814
3,7,2.1552,2.1627,1.1763,9,13.0038,13.328,5.6033
3,7,2.1552,2.1627,1.1763,10,31.4488,31.6058,15.7516
3,8,2.4547,2.4454,1.5625,6,4.8157,4.5292,1.9493
3,8,2.4547,2.4454,1.5625,7,4.6231,4.4508,2.3751
3,8,2.4547,2.4454,1.5625,8,5.3803,5.2461,3.6279
3,8,2.4547,2.4454,1.5625,9,13.0704,13.4406,9.7192
3,8,2.4547,2.4454,1.5625,10,27.5199,28.141,17.7048
3,8,2.4463,2.4518,1.5753,6,4.6609,4.6934,1.9341
3,8,2.4463,2.4518,1.5753,7,4.4288,4.5528,1.483
3,8,2.4463,2.4518,1.5753,8,5.2266,5.2724,3.203
3,8,2.4463,2.4518,1.5753,9,13.2216,13.2581,10.427
3,8,2.4463,2.4518,1.5753,10,27.8203,27.6732,25.3136
3,8,2.4514,2.4462,1.6486,6,4.476,4.5159,1.7391
3,8,2.4514,2.4462,1.6486,7,4.2878,4.3238,1.9804
3,8,2.4514,2.4462,1.6486,8,5.1507,5.1737,3.5067
3,8,2.4514,2.4462,1.6486,9,13.3712,13.5256,2.5425
3,8,2.4514,2.4462,1.6486,10,28.3302,28.0387,8.294
3,8,2.4488,2.4485,1.5444,6,4.63,4.5001,2.0293
3,8,2.4488,2.4485,1.5444,7,4.1773,4.3255,1.4142
3,8,2.4488,2.4485,1.5444,8,5.1283,5.1736,3.0937
3,8,2.4488,2.4485,1.5444,9,13.532,13.4777,9.107
3,8,2.4488,2.4485,1.5444,10,28.0421,28.5938,21.9489
3,8,2.4452,2.4528,1.5297,6,4.4513,4.6979,1.9586
3,8,2.4452,2.4528,1.5297,7,4.3255,4.674,2.2081
3,8,2.4452,2.4528,1.5297,8,5.1983,5.3866,3.5342
3,8,2.4452,2.4528,1.5297,9,13.5605,13.1511,8.9946
3,8,2.4452,2.4528,1.5297,10,28.2136,27.8253,17.8594
3,9,3.6613,3.6668,2.8508,6,28.3404,28.4213,3.2628
3,9,3.6613,3.6668,2.8508,7,22.9964,23.1573,4.2778
3,9,3.6613,3.6668,2.8508,8,25.324,25.3015,4.9433
3,9,3.6613,3.6668,2.8508,9,4.1877,4.2509,2.516
3,9,3.6613,3.6668,2.8508,10,5.0982,5.2665,4.2636
3,9,3.6655,3.6599,2.8265,6,28.3829,28.5344,4.0121
3,9,3.6655,3.6599,2.8265,7,23.109,23.0764,6.6891
3,9,3.6655,3.6599,2.8265,8,25.1827,25.3106,7.2949
3,9,3.6655,3.6599,2.8265,9,4.1508,4.1951,2.5922
3,9,3.6655,3.6599,2.8265,10,5.3012,5.1188,3.9641
3,9,3.6691,3.7681,2.9263,6,27.9625,27.5563,2.2488
3,9,3.6691,3.7681,2.9263,7,22.8398,22.675,3.5701
3,9,3.6691,3.7681,2.9263,8,24.7865,24.5797,4.6757
3,9,3.6691,3.7681,2.9263,9,4.103,4.0305,2.7586
3,9,3.6691,3.7681,2.9263,10,5.3172,5.2585,4.0983
3,9,3.6449,3.6795,2.8561,6,28.154,28.8319,2.0177
3,9,3.6449,3.6795,2.8561,7,22.6516,23.5025,3.5693
3,9,3.6449,3.6795,2.8561,8,24.7633,25.8845,4.6256
3,9,3.6449,3.6795,2.8561,9,4.0668,4.3197,2.7626
3,9,3.6449,3.6795,2.8561,10,5.2579,4.9233,4.2365
3,9,3.7121,3.6605,2.9032,6,28.5645,28.0663,6.3997
3,9,3.7121,3.6605,2.9032,7,23.345,22.9397,8.9339
3,9,3.7121,3.6605,2.9032,8,25.5327,25.1322,8.8511
3,9,3.7121,3.6605,2.9032,9,4.3124,4.212,2.3649
3,9,3.7121,3.6605,2.9032,10,5.1243,5.2476,4.1236
3,10,3.2644,3.3575,1.5639,6,45.3789,46.3586,19.3966
3,10,3.2644,3.3575,1.5639,7,39.8208,40.6751,16.1057
3,10,3.2644,3.3575,1.5639,8,43.2929,44.3513,19.7018
3,10,3.2644,3.3575,1.5639,9,13.1993,13.6568,5.2216
3,10,3.2644,3.3575,1.5639,10,6.6814,6.7723,2.9716
3,10,3.25,3.3716,1.2395,6,45.082,47.3082,12.8476
3,10,3.25,3.3716,1.2395,7,39.6073,41.7151,9.4475
3,10,3.25,3.3716,1.2395,8,43.1912,45.2388,16.2661
3,10,3.25,3.3716,1.2395,9,13.2987,14.1689,3.3275
3,10,3.25,3.3716,1.2395,10,6.9639,6.9589,3.0482
3,10,3.2797,3.373,1.3722,6,45.0973,46.9397,9.3162
3,10,3.2797,3.373,1.3722,7,39.613,41.2125,11.9735
3,10,3.2797,3.373,1.3722,8,43.2862,44.8061,12.9586
3,10,3.2797,3.373,1.3722,9,13.3017,13.9751,3.024
3,10,3.2797,3.373,1.3722,10,6.7008,6.9202,2.5878
3,10,3.2617,3.3432,1.4561,6,45.77,45.4214,16.0117
3,10,3.2617,3.3432,1.4561,7,40.3087,40.0395,14.4952
3,10,3.2617,3.3432,1.4561,8,43.855,43.5397,17.5125
3,10,3.2617,3.3432,1.4561,9,13.6425,13.3456,6.271
3,10,3.2617,3.3432,1.4561,10,6.8912,6.7587,3.2173
3,10,3.3215,3.3496,1.445,6,45.548,46.5047,24.1238
3,10,3.3215,3.3496,1.445,7,40.3778,40.8218,19.9589
3,10,3.3215,3.3496,1.445,8,43.8804,44.7373,23.985
3,10,3.3215,3.3496,1.445,9,13.5149,13.8903,5.169
3,10,3.3215,3.3496,1.445,10,6.8224,7.0913,3.0429
4,6,1.6525,1.6634,0.81692,6,3.5449,3.4845,1.7811
4,6,1.6525,1.6634,0.81692,7,5.6137,5.541,4.2355
4,6,1.6525,1.6634,0.81692,8,7.07,7.044,4.8032
4,6,1.6525,1.6634,0.81692,9,12.5954,13.0332,3.6272
4,6,1.6525,1.6634,0.81692,10,25.1684,25.8655,9.8281
4,6,1.6532,1.6616,0.70875,6,3.5789,3.6171,1.4795
4,6,1.6532,1.6616,0.70875,7,5.7725,5.4267,4.2318
4,6,1.6532,1.6616,0.70875,8,7.2303,7.0451,4.3244
4,6,1.6532,1.6616,0.70875,9,12.7588,12.634,3.5031
4,6,1.6532,1.6616,0.70875,10,25.4104,25.7558,12.4378
4,6,1.652,1.656,0.75345,6,3.4709,3.5434,1.3921
4,6,1.652,1.656,0.75345,7,5.6479,5.7693,3.1138
4,6,1.652,1.656,0.75345,8,7.2284,7.2029,3.4793
4,6,1.652,1.656,0.75345,9,12.8496,12.849,2.4976
4,6,1.652,1.656,0.75345,10,25.8912,25.5287,6.0928
4,6,1.6515,1.6594,0.77302,6,3.5097,3.4902,2.0061
4,6,1.6515,1.6594,0.77302,7,5.7014,5.4969,4.1451
4,6,1.6515,1.6594,0.77302,8,7.2659,7.0613,5.3533
4,6,1.6515,1.6594,0.77302,9,13.0539,12.8878,2.3726
4,6,1.6515,1.6594,0.77302,10,25.9934,25.9325,8.9258
4,6,1.658,1.6643,0.74278,6,3.5175,3.4607,1.4152
4,6,1.658,1.6643,0.74278,7,5.6422,5.5433,3.7039
4,6,1.658,1.6643,0.74278,8,7.2125,7.1476,3.9072
4,6,1.658,1.6643,0.74278,9,12.994,12.9219,2.4002
4,6,1.658,1.6643,0.74278,10,25.6311,26.6047,5.9749
4,7,2.1537,2.1578,1.1393,6,3.9401,3.7616,2.7939
4,7,2.1537,2.1578,1.1393,7,2.4424,2.2965,0.81741
4,7,2.1537,2.1578,1.1393,8,5.1652,5.1619,3.8883
4,7,2.1537,2.1578,1.1393,9,12.9293,13.3564,6.5642
4,7,2.1537,2.1578,1.1393,10,30.8927,31.4701,16.6713
4,7,2.1399,2.1489,1.1609,6,3.9326,3.8433,2.8947
4,7,2.1399,2.1489,1.1609,7,2.2175,2.3604,1.1529
4,7,2.1399,2.1489,1.1609,8,5.0878,5.1087,3.8319
4,7,2.1399,2.1489,1.1609,9,13.0358,12.9921,9.4223
4,7,2.1399,2.1489,1.1609,10,31.3213,30.729,20.0555
4,7,2.1485,2.1609,1.107,6,3.7118,3.9509,2.6241
4,7,2.1485,2.1609,1.107,7,2.2521,2.4641,0.79612
4,7,2.1485,2.1609,1.107,8,5.0458,5.1465,4.0044
4,7,2.1485,2.1609,1.107,9,13.2917,12.7183,5.9805
4,7,2.1485,2.1609,1.107,10,31.0456,30.4465,11.9951
4,7,2.1447,2.1574,1.1249,6,3.8482,3.6779,3.2223
4,7,2.1447,2.1574,1.1249,7,2.2743,2.3239,0.7406
4,7,2.1447,2.1574,1.1249,8,5.0748,5.0568,3.6707
4,7,2.1447,2.1574,1.1249,9,13.0891,13.4629,7.8326
4,7,2.1447,2.1574,1.1249,10,31.2521,31.0523,19.7225
4,7,2.1522,2.1505,1.1287,6,3.6699,3.9631,2.0209
4,7,2.1522,2.1505,1.1287,7,2.311,2.272,0.99866
4,7,2.1522,2.1505,1.1287,8,5.0868,5.147,3.2351
4,7,2.1522,2.1505,1.1287,9,13.3426,12.9787,17.79
4,7,2.1522,2.1505,1.1287,10,31.226,30.6669,51.2093
4,8,2.4466,2.4503,1.7074,6,4.7599,4.6245,2.5852
4,8,2.4466,2.4503,1.7074,7,4.3871,4.2887,1.7087
4,8,2.4466,2.4503,1.7074,8,5.2209,5.2196,3.6065
4,8,2.4466,2.4503,1.7074,9,13.3445,13.4052,5.8946
4,8,2.4466,2.4503,1.7074,10,28.2249,28.5077,15.9131
4,8,2.4544,2.4491,1.692,6,4.4279,4.66,1.9798
4,8,2.4544,2.4491,1.692,7,4.2111,4.3399,2.4433
4,8,2.4544,2.4491,1.692,8,5.117,5.2328,3.6417
4,8,2.4544,2.4491,1.692,9,13.5895,13.1089,8.641
4,8,2.4544,2.4491,1.692,10,28.3481,27.7726,23.6744
4,8,2.4377,2.4539,1.67,6,4.8414,4.621,1.8856
4,8,2.4377,2.4539,1.67,7,4.311,4.4356,2.0297
4,8,2.4377,2.4539,1.67,8,5.1734,5.1759,3.8037
4,8,2.4377,2.4539,1.67,9,13.162,13.3727,8.6417
4,8,2.4377,2.4539,1.67,10,27.9292,27.9839,19.7348
4,8,2.4452,2.4477,1.5674,6,4.6226,4.6117,1.5369
4,8,2.4452,2.4477,1.5674,7,4.4915,4.4078,1.6736
4,8,2.4452,2.4477,1.5674,8,5.3361,5.2106,2.9625
4,8,2.4452,2.4477,1.5674,9,13.389,13.2133,5.33
4,8,2.4452,2.4477,1.5674,10,28.4632,27.9075,15.7022
4,8,2.4429,2.4519,1.5902,6,4.5088,4.7183,1.7421
4,8,2.4429,2.4519,1.5902,7,4.2502,4.3641,1.0171
4,8,2.4429,2.4519,1.5902,8,5.0749,5.1965,3.3386
4,8,2.4429,2.4519,1.5902,9,13.5659,12.9557,3.223
4,8,2.4429,2.4519,1.5902,10,28.3427,28.0716,8.3933
4,9,3.6788,3.6588,2.8777,6,28.5815,27.5131,33.4684
4,9,3.6788,3.6588,2.8777,7,23.0372,22.3561,43.2567
4,9,3.6788,3.6588,2.8777,8,25.4948,24.6299,34.6424
4,9,3.6788,3.6588,2.8777,9,4.1989,4.0721,2.3632
4,9,3.6788,3.6588,2.8777,10,5.2405,5.171,4.6332
4,9,3.6461,3.6473,3.1433,6,27.546,29.1539,6.8771
4,9,3.6461,3.6473,3.1433,7,22.3928,23.5138,6.8027
4,9,3.6461,3.6473,3.1433,8,24.6318,25.7821,7.9168
4,9,3.6461,3.6473,3.1433,9,4.2388,4.3229,2.958
4,9,3.6461,3.6473,3.1433,10,5.4399,4.9918,4.4838
4,9,3.6389,3.6588,3.0541,6,27.782,27.3458,4.9163
4,9,3.6389,3.6588,3.0541,7,22.5395,22.1789,6.7123
4,9,3.6389,3.6588,3.0541,8,24.9069,24.5625,7.4919
4,9,3.6389,3.6588,3.0541,9,4.0957,4.0381,3.5412
4,9,3.6389,3.6588,3.0541,10,5.187,5.1364,3.8758
4,9,3.6366,3.6474,2.9263,6,28.3861,27.8445,31.0566
4,9,3.6366,3.6474,2.9263,7,22.7362,22.4231,36.7246
4,9,3.6366,3.6474,2.9263,8,25.2259,24.7122,29.9089
4,9,3.6366,3.6474,2.9263,9,4.1338,4.1095,2.5231
4,9,3.6366,3.6474,2.9263,10,5.1067,5.3522,4.4018
4,9,3.6336,3.6478,2.8759,6,28.3772,28.878,2.0061
4,9,3.6336,3.6478,2.8759,7,22.8412,23.4422,5.8061
4,9,3.6336,3.6478,2.8759,8,25.1014,25.714,7.3559
4,9,3.6336,3.6478,2.8759,9,4.1016,4.2713,2.5656
4,9,3.6336,3.6478,2.8759,10,5.2882,5.088,4.0448
4,10,3.2177,3.2244,1.3767,6,45.4108,45.284,7.0742
4,10,3.2177,3.2244,1.3767,7,40.3527,40.3416,8.853
4,10,3.2177,3.2244,1.3767,8,44.0591,43.9948,10.8828
4,10,3.2177,3.2244,1.3767,9,13.6457,13.7288,3.9498
4,10,3.2177,3.2244,1.3767,10,6.8997,7.047,2.9463
4,10,3.2396,3.3613,1.6771,6,44.7843,46.2387,28.6973
4,10,3.2396,3.3613,1.6771,7,39.5853,40.5934,16.9917
4,10,3.2396,3.3613,1.6771,8,42.6758,43.9517,32.0896
4,10,3.2396,3.3613,1.6771,9,13.2475,13.4436,5.742
4,10,3.2396,3.3613,1.6771,10,6.7665,6.6343,3.3356
4,10,3.2299,3.3439,1.4611,6,45.1683,45.5389,18.4591
4,10,3.2299,3.3439,1.4611,7,39.9776,40.158,24.2461
4,10,3.2299,3.3439,1.4611,8,43.2325,43.6219,25.0306
4,10,3.2299,3.3439,1.4611,9,13.2972,13.3835,3.3774
4,10,3.2299,3.3439,1.4611,10,6.7704,6.7691,2.9496
4,10,3.2369,3.3264,1.4698,6,45.6214,45.9162,25.8734
4,10,3.2369,3.3264,1.4698,7,40.2462,40.4623,26.0602
4,10,3.2369,3.3264,1.4698,8,43.8053,43.8081,25.5286
4,10,3.2369,3.3264,1.4698,9,13.4129,13.4514,5.1148
4,10,3.2369,3.3264,1.4698,10,6.9675,6.7412,3.1322
4,10,3.2302,3.2463,1.4332,6,44.4926,44.7127,5.2595
4,10,3.2302,3.2463,1.4332,7,39.3989,39.2237,10.9062
4,10,3.2302,3.2463,1.4332,8,42.5947,42.34,12.2492
4,10,3.2302,3.2463,1.4332,9,12.9822,12.6284,2.2501
4,10,3.2302,3.2463,1.4332,10,6.7487,6.8411,2.1155
5,6,1.6276,1.6264,1.014,6,3.558,3.4953,3.8213
5,6,1.6276,1.6264,1.014,7,5.2873,5.3668,9.2985
5,6,1.6276,1.6264,1.014,8,6.8956,7.0723,8.6522
5,6,1.6276,1.6264,1.014,9,12.9718,13.3466,3.0054
5,6,1.6276,1.6264,1.014,10,27.5698,27.3114,8.4339
5,6,1.6321,1.6257,1.0459,6,3.5854,3.6157,3.0088
5,6,1.6321,1.6257,1.0459,7,5.6793,5.5297,4.4994
5,6,1.6321,1.6257,1.0459,8,7.2206,7.2382,9.3493
5,6,1.6321,1.6257,1.0459,9,13.0735,12.8905,6.982
5,6,1.6321,1.6257,1.0459,10,26.1439,26.7224,14.5092
5,6,1.6241,1.626,1.0674,6,3.6222,3.6771,8.2225
5,6,1.6241,1.626,1.0674,7,5.4069,5.5003,47.378
5,6,1.6241,1.626,1.0674,8,7.0312,7.063,40.4683
5,6,1.6241,1.626,1.0674,9,12.7445,12.9129,3.9911
5,6,1.6241,1.626,1.0674,10,28.1527,26.3601,25.6132
5,6,1.6299,1.6361,0.95493,6,3.5386,3.6481,4.0179
5,6,1.6299,1.6361,0.95493,7,5.5342,5.5828,4.4303
5,6,1.6299,1.6361,0.95493,8,7.1231,7.2208,7.4856
5,6,1.6299,1.6361,0.95493,9,12.8265,12.8661,5.8468
5,6,1.6299,1.6361,0.95493,10,26.7596,26.125,16.356
5,6,1.6298,1.6307,1.024,6,3.5962,3.7523,2.4052
5,6,1.6298,1.6307,1.024,7,5.6251,5.425,3.4249
5,6,1.6298,1.6307,1.024,8,7.2815,7.1818,7.4068
5,6,1.6298,1.6307,1.024,9,13.0198,12.4254,5.4285
5,6,1.6298,1.6307,1.024,10,26.1799,26.1227,32.141
5,7,2.1398,2.1491,1.7496,6,3.9322,3.7444,3.2717
5,7,2.1398,2.1491,1.7496,7,2.2325,2.1602,1.3852
5,7,2.1398,2.1491,1.7496,8,5.0817,5.1203,4.1143
5,7,2.1398,2.1491,1.7496,9,12.904,13.5165,13.7018
5,7,2.1398,2.1491,1.7496,10,31.7597,32.14,24.699
5,7,2.131,2.14,1.454,6,4.0377,3.9253,4.1132
5,7,2.131,2.14,1.454,7,2.2884,2.3401,0.62998
5,7,2.131,2.14,1.454,8,5.2167,5.2031,4.7512
5,7,2.131,2.14,1.454,9,12.8551,12.8279,11.3191
5,7,2.131,2.14,1.454,10,31.4376,31.0937,49.5768
5,7,2.1323,2.1356,1.4019,6,3.8758,3.9207,4.3296
5,7,2.1323,2.1356,1.4019,7,2.3491,2.2067,1.5341
5,7,2.1323,2.1356,1.4019,8,5.1486,5.1464,5.1085
5,7,2.1323,2.1356,1.4019,9,13.0103,13.0715,21.2761
5,7,2.1323,2.1356,1.4019,10,31.6182,31.4123,56.5473
5,7,2.1317,2.1401,1.4713,6,3.8195,3.9798,2.429
5,7,2.1317,2.1401,1.4713,7,2.3203,2.2989,0.90011
5,7,2.1317,2.1401,1.4713,8,5.0822,5.1165,4.7209
5,7,2.1317,2.1401,1.4713,9,12.897,12.9028,5.6008
5,7,2.1317,2.1401,1.4713,10,31.2659,31.3653,33.226
5,7,2.1394,2.1354,1.6456,6,4.0513,4.0981,5.7819
5,7,2.1394,2.1354,1.6456,7,2.2162,2.2907,1.3791
5,7,2.1394,2.1354,1.6456,8,5.228,5.1207,7.2863
5,7,2.1394,2.1354,1.6456,9,12.7951,12.457,27.4801
5,7,2.1394,2.1354,1.6456,10,31.4724,31.0552,93.8272
5,8,2.4214,2.4268,1.9384,6,4.794,4.5806,2.2421
5,8,2.4214,2.4268,1.9384,7,4.3615,4.2254,2.8208
5,8,2.4214,2.4268,1.9384,8,5.1703,4.9947,5.3271
5,8,2.4214,2.4268,1.9384,9,13.3909,13.6829,9.571
5,8,2.4214,2.4268,1.9384,10,28.8534,28.2054,29.0549
5,8,2.4347,2.4388,1.8162,6,4.8315,4.9145,1.4599
5,8,2.4347,2.4388,1.8162,7,4.2956,4.2094,2.2506
5,8,2.4347,2.4388,1.8162,8,5.1072,5.0882,5.0978
5,8,2.4347,2.4388,1.8162,9,13.2149,13.3474,10.9512
5,8,2.4347,2.4388,1.8162,10,28.2644,27.6104,35.715
5,8,2.4232,2.4293,1.9149,6,4.6619,4.4941,2.9389
5,8,2.4232,2.4293,1.9149,7,4.1487,4.0233,3.7519
5,8,2.4232,2.4293,1.9149,8,5.0457,4.9384,5.5417
5,8,2.4232,2.4293,1.9149,9,13.4708,13.8451,44.3098
5,8,2.4232,2.4293,1.9149,10,29.1745,29.0487,113.8369
5,8,2.4201,2.4333,1.704,6,4.6524,4.5681,2.2525
5,8,2.4201,2.4333,1.704,7,4.2018,4.2589,3.2891
5,8,2.4201,2.4333,1.704,8,5.0577,5.0433,5.9182
5,8,2.4201,2.4333,1.704,9,12.9742,13.7569,28.9284
5,8,2.4201,2.4333,1.704,10,28.6725,28.726,85.2452
5,8,2.4367,2.4288,1.8898,6,4.6864,4.4856,2.1115
5,8,2.4367,2.4288,1.8898,7,4.2944,4.3051,4.0682
5,8,2.4367,2.4288,1.8898,8,5.1663,5.113,5.9063
5,8,2.4367,2.4288,1.8898,9,13.3729,13.8061,22.0157
5,8,2.4367,2.4288,1.8898,10,29.2793,28.4877,48.6583
5,9,3.5942,3.5708,3.2388,6,27.3171,28.376,15.4278
5,9,3.5942,3.5708,3.2388,7,22.0742,22.7461,14.8753
5,9,3.5942,3.5708,3.2388,8,24.2954,25.2628,18.5542
5,9,3.5942,3.5708,3.2388,9,4.0703,4.4623,3.1557
5,9,3.5942,3.5708,3.2388,10,5.2454,5.2006,4.081
5,9,3.5597,3.4995,2.9559,6,27.6576,28.2853,39.0287
5,9,3.5597,3.4995,2.9559,7,22.3126,22.4926,39.7078
5,9,3.5597,3.4995,2.9559,8,24.5894,25.0735,37.6793
5,9,3.5597,3.4995,2.9559,9,4.2594,4.4134,2.4525
5,9,3.5597,3.4995,2.9559,10,5.1463,5.4786,3.7968
5,9,3.5307,3.5318,3.0317,6,27.4239,29.0585,22.4191
5,9,3.5307,3.5318,3.0317,7,21.9021,23.1554,17.3232
5,9,3.5307,3.5318,3.0317,8,24.7221,25.6223,15.8921
5,9,3.5307,3.5318,3.0317,9,4.2655,4.4755,2.477
5,9,3.5307,3.5318,3.0317,10,5.3893,5.0536,4.2537
5,9,3.5513,3.564,3.2153,6,27.9314,27.9963,48.4587
5,9,3.5513,3.564,3.2153,7,22.4526,22.6507,56.5634
5,9,3.5513,3.564,3.2153,8,25.127,24.8952,44.0448
5,9,3.5513,3.564,3.2153,9,4.3405,4.1852,2.8419
5,9,3.5513,3.564,3.2153,10,5.3115,4.983,4.2379
5,9,3.5733,3.5599,3.1353,6,28.0891,28.9243,10.9514
5,9,3.5733,3.5599,3.1353,7,22.5741,23.033,20.474
5,9,3.5733,3.5599,3.1353,8,24.9635,25.6196,18.4965
5,9,3.5733,3.5599,3.1353,9,4.3038,4.3741,2.6916
5,9,3.5733,3.5599,3.1353,10,5.2068,5.1526,5.8435
5,10,3.2384,3.2202,1.9411,6,45.3551,47.4509,5.6113
5,10,3.2384,3.2202,1.9411,7,40.275,41.9564,6.3215
5,10,3.2384,3.2202,1.9411,8,43.6018,45.3127,11.9697
5,10,3.2384,3.2202,1.9411,9,13.4546,14.4242,9.6379
5,10,3.2384,3.2202,1.9411,10,6.7809,7.138,7.7076
5,10,3.2171,3.2152,1.8242,6,44.9512,46.0924,27.6277
5,10,3.2171,3.2152,1.8242,7,40.2082,41.0997,39.3128
5,10,3.2171,3.2152,1.8242,8,43.1625,44.8002,57.6442
5,10,3.2171,3.2152,1.8242,9,13.8189,14.1916,17.3603
5,10,3.2171,3.2152,1.8242,10,7.0111,6.9677,6.7688
5,10,3.221,3.2173,1.8532,6,45.6572,46.4029,8.4131
5,10,3.221,3.2173,1.8532,7,39.8434,41.1694,15.2748
5,10,3.221,3.2173,1.8532,8,43.1734,44.2959,22.032
5,10,3.221,3.2173,1.8532,9,13.2969,13.9253,5.1474
5,10,3.221,3.2173,1.8532,10,6.829,6.8979,4.4923
5,10,3.2104,3.2415,1.905,6,46.1319,45.5694,12.9638
5,10,3.2104,3.2415,1.905,7,41.0774,40.191,11.5047
5,10,3.2104,3.2415,1.905,8,44.3859,43.8471,18.8021
5,10,3.2104,3.2415,1.905,9,14.1222,14.0279,6.4071
5,10,3.2104,3.2415,1.905,10,7.0425,7.0031,5.0394
5,10,3.2026,3.2105,1.9942,6,45.803,45.8115,36.5515
5,10,3.2026,3.2105,1.9942,7,41.0642,40.9957,20.167
5,10,3.2026,3.2105,1.9942,8,44.0058,44.3779,28.3896
5,10,3.2026,3.2105,1.9942,9,13.9989,13.9401,12.2218
5,10,3.2026,3.2105,1.9942,10,7.0025,6.8186,5.6443
