1,1,9.0302,9.0759,3.0611,1,8.4073,8.2109,2.9419
1,1,9.0302,9.0759,3.0611,2,61.7704,60.4958,7.187
1,1,9.0302,9.0759,3.0611,3,70.3878,69.4536,6.4488
1,1,9.0302,9.0759,3.0611,4,64.9731,63.7381,6.3521
1,1,9.0302,9.0759,3.0611,5,31.1073,31.1849,7.6373
1,1,8.997,9.0512,3.0572,1,8.6286,8.6315,2.898
1,1,8.997,9.0512,3.0572,2,63.6394,62.4707,6.9569
1,1,8.997,9.0512,3.0572,3,73.1267,71.6584,5.9837
1,1,8.997,9.0512,3.0572,4,67.6387,65.7032,6.1021
1,1,8.997,9.0512,3.0572,5,31.7768,31.9437,7.5245
1,1,9.0301,9.0786,2.9723,1,8.723,8.4438,2.7503
1,1,9.0301,9.0786,2.9723,2,63.5261,62.3756,7.2928
1,1,9.0301,9.0786,2.9723,3,71.7983,71.5168,6.2641
1,1,9.0301,9.0786,2.9723,4,66.8567,65.7635,6.338
1,1,9.0301,9.0786,2.9723,5,31.0945,31.5633,7.333
1,1,8.9938,9.0678,3.0283,1,8.2183,8.8908,2.9501
1,1,8.9938,9.0678,3.0283,2,62.81,63.5437,6.6323
1,1,8.9938,9.0678,3.0283,3,72.8071,72.8154,5.7056
1,1,8.9938,9.0678,3.0283,4,67.3769,66.8826,5.6976
1,1,8.9938,9.0678,3.0283,5,31.3403,32.5994,7.405
1,1,9.0562,9.0643,3.1083,1,8.6918,8.4364,3.0274
1,1,9.0562,9.0643,3.1083,2,63.2449,60.8115,7.0389
1,1,9.0562,9.0643,3.1083,3,72.0482,69.6443,5.8877
1,1,9.0562,9.0643,3.1083,4,66.2617,63.6489,6.0275
1,1,9.0562,9.0643,3.1083,5,31.4729,31.6625,7.3924
1,2,5.9037,5.8644,2.3785,1,32.8619,32.6814,17.2831
1,2,5.9037,5.8644,2.3785,2,9.2909,9.3762,4.1067
1,2,5.9037,5.8644,2.3785,3,15.9671,15.9076,6.6911
1,2,5.9037,5.8644,2.3785,4,13.7403,13.5527,6.496
1,2,5.9037,5.8644,2.3785,5,42.7252,41.8007,30.4988
1,2,5.8724,5.9194,2.352,1,32.7328,33.0329,16.9615
1,2,5.8724,5.9194,2.352,2,8.8821,9.4418,3.9887
1,2,5.8724,5.9194,2.352,3,15.4983,16.037,6.6349
1,2,5.8724,5.9194,2.352,4,13.3854,13.7417,6.3689
1,2,5.8724,5.9194,2.352,5,42.2687,41.2498,30.8122
1,2,5.8604,5.887,2.3614,1,32.7844,33.2727,16.7613
1,2,5.8604,5.887,2.3614,2,8.9836,9.28,4.1067
1,2,5.8604,5.887,2.3614,3,15.4625,15.7578,6.8041
1,2,5.8604,5.887,2.3614,4,13.373,13.5132,6.5315
1,2,5.8604,5.887,2.3614,5,42.2656,41.7636,30.8101
1,2,5.8676,5.9074,2.3864,1,31.9135,34.0461,17.5746
1,2,5.8676,5.9074,2.3864,2,9.2688,8.9656,4.0168
1,2,5.8676,5.9074,2.3864,3,15.9115,15.3934,6.5313
1,2,5.8676,5.9074,2.3864,4,13.7173,13.1973,6.3348
1,2,5.8676,5.9074,2.3864,5,41.8904,42.1809,29.9544
1,2,5.9048,5.8761,2.4373,1,32.6176,33.4542,17.4856
1,2,5.9048,5.8761,2.4373,2,9.1105,8.9996,4.0268
1,2,5.9048,5.8761,2.4373,3,15.6144,15.4114,6.5787
1,2,5.9048,5.8761,2.4373,4,13.4484,13.1471,6.3626
1,2,5.9048,5.8761,2.4373,5,42.9521,41.8578,30.2785
1,3,5.2039,5.2151,2.5955,1,35.9732,36.8254,6.7863
1,3,5.2039,5.2151,2.5955,2,4.8725,4.8813,2.2464
1,3,5.2039,5.2151,2.5955,3,5.4626,5.3189,2.3307
1,3,5.2039,5.2151,2.5955,4,5.5143,5.3476,2.5397
1,3,5.2039,5.2151,2.5955,5,32.8185,33.8836,12.7877
1,3,5.1698,5.2132,2.6353,1,35.6939,36.1409,8.8297
1,3,5.1698,5.2132,2.6353,2,4.9115,4.8665,2.2425
1,3,5.1698,5.2132,2.6353,3,5.3003,5.4335,2.311
1,3,5.1698,5.2132,2.6353,4,5.5286,5.3811,2.5818
1,3,5.1698,5.2132,2.6353,5,33.0013,33.2845,13.4858
1,3,5.2245,5.2172,2.5615,1,37.4105,35.9702,7.7492
1,3,5.2245,5.2172,2.5615,2,4.828,4.9372,2.2512
1,3,5.2245,5.2172,2.5615,3,5.2707,5.5059,2.2264
1,3,5.2245,5.2172,2.5615,4,5.432,5.4771,2.4971
1,3,5.2245,5.2172,2.5615,5,34.4212,32.9302,12.9072
1,3,5.2078,5.2295,2.6681,1,35.6051,35.8089,8.3754
1,3,5.2078,5.2295,2.6681,2,5.0388,5.0538,2.353
1,3,5.2078,5.2295,2.6681,3,5.357,5.5755,2.2855
1,3,5.2078,5.2295,2.6681,4,5.5981,5.5408,2.5736
1,3,5.2078,5.2295,2.6681,5,32.7242,32.5592,13.5432
1,3,5.2011,5.2178,2.6148,1,35.8978,36.3653,7.9168
1,3,5.2011,5.2178,2.6148,2,4.9396,4.9087,2.2797
1,3,5.2011,5.2178,2.6148,3,5.5694,5.4934,2.2654
1,3,5.2011,5.2178,2.6148,4,5.6487,5.442,2.5342
1,3,5.2011,5.2178,2.6148,5,33.3725,33.2467,13.4212
1,4,5.4605,5.47,2.2943,1,28.3187,28.9911,3.8634
1,4,5.4605,5.47,2.2943,2,5.7159,5.4703,2.2422
1,4,5.4605,5.47,2.2943,3,7.8858,7.6056,2.1995
1,4,5.4605,5.47,2.2943,4,6.4076,6.2706,2.2097
1,4,5.4605,5.47,2.2943,5,30.0351,30.2548,13.7387
1,4,5.4577,5.4831,2.3096,1,28.8204,28.4008,3.579
1,4,5.4577,5.4831,2.3096,2,5.5741,5.6277,2.3248
1,4,5.4577,5.4831,2.3096,3,7.7893,7.7847,2.2263
1,4,5.4577,5.4831,2.3096,4,6.3087,6.4716,2.2631
1,4,5.4577,5.4831,2.3096,5,31.0161,29.9425,13.399
1,4,5.4751,5.4851,2.2314,1,29.5398,29.4797,3.7086
1,4,5.4751,5.4851,2.2314,2,5.5383,5.438,2.2216
1,4,5.4751,5.4851,2.2314,3,7.6686,7.5706,2.0896
1,4,5.4751,5.4851,2.2314,4,6.2608,6.2774,2.122
1,4,5.4751,5.4851,2.2314,5,30.9151,30.4296,13.3875
1,4,5.4654,5.4911,2.2792,1,29.5199,29.4981,3.8199
1,4,5.4654,5.4911,2.2792,2,5.4286,5.3623,2.3131
1,4,5.4654,5.4911,2.2792,3,7.5263,7.5468,2.1637
1,4,5.4654,5.4911,2.2792,4,6.1474,6.2014,2.221
1,4,5.4654,5.4911,2.2792,5,31.2703,30.5661,13.1756
1,4,5.4526,5.4929,2.2388,1,28.5542,29.6443,3.8944
1,4,5.4526,5.4929,2.2388,2,5.6174,5.2865,2.2562
1,4,5.4526,5.4929,2.2388,3,7.7689,7.4465,2.1747
1,4,5.4526,5.4929,2.2388,4,6.319,6.1308,2.1406
1,4,5.4526,5.4929,2.2388,5,30.1345,30.6288,13.4736
1,5,5.4643,5.4938,3.0396,1,19.3414,19.8168,13.2272
1,5,5.4643,5.4938,3.0396,2,52.6559,52.6566,20.8904
1,5,5.4643,5.4938,3.0396,3,50.3903,50.3598,14.9623
1,5,5.4643,5.4938,3.0396,4,48.3199,48.3007,16.2252
1,5,5.4643,5.4938,3.0396,5,6.8178,6.9125,3.7057
1,5,5.4778,5.5095,3.0972,1,19.6953,20.1287,13.7921
1,5,5.4778,5.5095,3.0972,2,53.1158,53.3964,20.4058
1,5,5.4778,5.5095,3.0972,3,50.7408,51.227,14.7025
1,5,5.4778,5.5095,3.0972,4,48.4523,49.0839,15.9839
1,5,5.4778,5.5095,3.0972,5,6.9788,7.0764,3.7077
1,5,5.4792,5.5003,3.0308,1,19.6727,19.6972,13.2352
1,5,5.4792,5.5003,3.0308,2,52.7154,51.9898,20.1512
1,5,5.4792,5.5003,3.0308,3,50.3944,49.7245,14.3455
1,5,5.4792,5.5003,3.0308,4,48.6074,47.5599,15.6804
1,5,5.4792,5.5003,3.0308,5,6.8009,6.7711,3.6589
1,5,5.5197,5.5389,3.0311,1,19.156,19.6935,13.2015
1,5,5.5197,5.5389,3.0311,2,53.1588,52.7517,21.4939
1,5,5.5197,5.5389,3.0311,3,50.8752,50.5619,15.6088
1,5,5.5197,5.5389,3.0311,4,48.8092,48.7072,16.9193
1,5,5.5197,5.5389,3.0311,5,6.9566,6.9424,3.7363
1,5,5.5028,5.5124,3.0307,1,19.977,19.868,13.0442
1,5,5.5028,5.5124,3.0307,2,53.9285,53.4638,20.9458
1,5,5.5028,5.5124,3.0307,3,51.5164,51.1755,15.0687
1,5,5.5028,5.5124,3.0307,4,49.7128,49.0299,16.3868
1,5,5.5028,5.5124,3.0307,5,7.0509,7.0742,3.7031
2,1,9.2819,8.9359,2.6462,1,8.3814,8.7382,2.8321
2,1,9.2819,8.9359,2.6462,2,65.9289,62.1754,4.338
2,1,9.2819,8.9359,2.6462,3,73.7596,70.6471,5.4027
2,1,9.2819,8.9359,2.6462,4,69.6721,64.9076,4.705
2,1,9.2819,8.9359,2.6462,5,29.7848,31.0899,4.7532
2,1,8.9321,8.9785,2.5495,1,8.3021,8.6663,2.6548
2,1,8.9321,8.9785,2.5495,2,62.3002,63.8622,3.557
2,1,8.9321,8.9785,2.5495,3,70.3044,72.7341,4.2421
2,1,8.9321,8.9785,2.5495,4,64.968,67.0019,3.7647
2,1,8.9321,8.9785,2.5495,5,30.1604,31.071,4.644
2,1,9.2503,8.996,2.6416,1,8.3327,8.2051,2.8512
2,1,9.2503,8.996,2.6416,2,66.264,60.3534,3.7978
2,1,9.2503,8.996,2.6416,3,75.0051,68.8722,4.35
2,1,9.2503,8.996,2.6416,4,70.691,63.2793,4.106
2,1,9.2503,8.996,2.6416,5,30.423,30.4858,4.4752
2,1,9.3963,9.001,2.4422,1,8.987,8.9569,2.5152
2,1,9.3963,9.001,2.4422,2,67.8518,65.1359,3.8412
2,1,9.3963,9.001,2.4422,3,76.5519,74.0284,4.3892
2,1,9.3963,9.001,2.4422,4,71.9776,68.6797,3.8888
2,1,9.3963,9.001,2.4422,5,31.2884,32.0564,5.0049
2,1,9.292,8.9449,2.5991,1,8.5012,8.4008,2.768
2,1,9.292,8.9449,2.5991,2,66.099,62.0877,3.8092
2,1,9.292,8.9449,2.5991,3,73.8516,70.6685,4.4139
2,1,9.292,8.9449,2.5991,4,69.4218,64.969,4.0747
2,1,9.292,8.9449,2.5991,5,29.8696,30.7642,4.8354
2,2,5.883,5.8756,2.0978,1,31.8814,33.6432,4.1438
2,2,5.883,5.8756,2.0978,2,9.2916,8.8504,1.7795
2,2,5.883,5.8756,2.0978,3,15.8227,15.2391,2.5154
2,2,5.883,5.8756,2.0978,4,13.6468,13.053,2.4492
2,2,5.883,5.8756,2.0978,5,41.8097,42.6064,7.8978
2,2,5.861,5.8839,2.131,1,34.242,34.2477,4.6251
2,2,5.861,5.8839,2.131,2,8.8336,8.6592,1.8792
2,2,5.861,5.8839,2.131,3,15.2627,14.9876,2.6475
2,2,5.861,5.8839,2.131,4,13.0443,12.7873,2.6366
2,2,5.861,5.8839,2.131,5,43.6862,43.0456,7.9466
2,2,5.8022,5.8822,2.195,1,33.8575,32.5548,4.3227
2,2,5.8022,5.8822,2.195,2,8.6887,9.1375,2.0777
2,2,5.8022,5.8822,2.195,3,14.9323,15.5987,2.9971
2,2,5.8022,5.8822,2.195,4,12.8576,13.2179,3.0344
2,2,5.8022,5.8822,2.195,5,43.3259,42.3404,7.9886
2,2,5.8874,5.8964,2.1227,1,33.2991,34.1017,3.2513
2,2,5.8874,5.8964,2.1227,2,9.2094,8.8259,1.9335
2,2,5.8874,5.8964,2.1227,3,15.6809,15.093,2.6744
2,2,5.8874,5.8964,2.1227,4,13.5891,12.8917,2.6907
2,2,5.8874,5.8964,2.1227,5,42.5371,43.1129,6.8951
2,2,5.8084,5.8295,2.1528,1,33.6666,32.0928,4.4268
2,2,5.8084,5.8295,2.1528,2,8.748,9.2733,2.067
2,2,5.8084,5.8295,2.1528,3,15.051,15.7981,2.9108
2,2,5.8084,5.8295,2.1528,4,13.024,13.4042,2.9672
2,2,5.8084,5.8295,2.1528,5,43.0309,41.9792,6.5063
2,3,5.0895,5.1224,2.1651,1,35.9434,35.4069,5.1518
2,3,5.0895,5.1224,2.1651,2,4.9339,5.1147,1.825
2,3,5.0895,5.1224,2.1651,3,5.3661,5.7478,1.9674
2,3,5.0895,5.1224,2.1651,4,5.511,5.7049,2.017
2,3,5.0895,5.1224,2.1651,5,32.6739,31.7829,5.3969
2,3,5.1699,5.148,2.1825,1,36.2427,36.7613,5.0992
2,3,5.1699,5.148,2.1825,2,4.9865,4.8547,1.7465
2,3,5.1699,5.148,2.1825,3,5.3778,5.2967,1.9085
2,3,5.1699,5.148,2.1825,4,5.5494,5.3878,1.8366
2,3,5.1699,5.148,2.1825,5,33.339,33.0291,6.5165
2,3,5.1199,5.1313,2.039,1,36.0435,36.1508,5.1012
2,3,5.1199,5.1313,2.039,2,4.8635,4.8253,1.6515
2,3,5.1199,5.1313,2.039,3,5.3294,5.3384,1.8644
2,3,5.1199,5.1313,2.039,4,5.5685,5.4353,1.8054
2,3,5.1199,5.1313,2.039,5,32.8926,33.1893,5.7361
2,3,5.0556,5.1405,2.125,1,36.4123,36.7118,5.294
2,3,5.0556,5.1405,2.125,2,4.9261,5.0309,1.8012
2,3,5.0556,5.1405,2.125,3,5.2267,5.5432,1.8973
2,3,5.0556,5.1405,2.125,4,5.4163,5.515,1.9786
2,3,5.0556,5.1405,2.125,5,33.3519,31.3322,5.3919
2,3,5.1521,5.175,2.0924,1,36.4053,36.4532,5.3061
2,3,5.1521,5.175,2.0924,2,4.9861,4.908,1.6782
2,3,5.1521,5.175,2.0924,3,5.5347,5.3847,1.8546
2,3,5.1521,5.175,2.0924,4,5.5323,5.4149,1.7794
2,3,5.1521,5.175,2.0924,5,32.7116,32.9349,5.9345
2,4,5.4238,5.4437,1.7776,1,27.1879,28.8899,2.5579
2,4,5.4238,5.4437,1.7776,2,5.9596,5.4992,1.6498
2,4,5.4238,5.4437,1.7776,3,8.0442,7.6259,1.9053
2,4,5.4238,5.4437,1.7776,4,6.5136,6.1942,1.9887
2,4,5.4238,5.4437,1.7776,5,28.3153,30.019,3.6597
2,4,5.3083,5.4478,1.7223,1,28.6986,28.8527,2.4383
2,4,5.3083,5.4478,1.7223,2,5.4839,5.6707,1.5942
2,4,5.3083,5.4478,1.7223,3,7.6049,7.8642,1.9114
2,4,5.3083,5.4478,1.7223,4,6.1359,6.3527,1.9349
2,4,5.3083,5.4478,1.7223,5,30.1886,29.965,3.7478
2,4,5.3732,5.4615,1.6207,1,29.5598,28.9663,2.2898
2,4,5.3732,5.4615,1.6207,2,5.3649,5.4399,1.5333
2,4,5.3732,5.4615,1.6207,3,7.413,7.5119,1.8071
2,4,5.3732,5.4615,1.6207,4,5.9945,6.1521,1.8735
2,4,5.3732,5.4615,1.6207,5,31.1009,30.5098,3.2571
2,4,5.375,5.437,1.6265,1,29.2325,28.6924,2.2218
2,4,5.375,5.437,1.6265,2,5.4237,5.6253,1.508
2,4,5.375,5.437,1.6265,3,7.3413,7.7212,1.7609
2,4,5.375,5.437,1.6265,4,5.952,6.2898,1.8364
2,4,5.375,5.437,1.6265,5,30.4579,30.2496,3.5278
2,4,5.3147,5.4513,1.736,1,28.9986,29.0982,2.3972
2,4,5.3147,5.4513,1.736,2,5.457,5.5452,1.5836
2,4,5.3147,5.4513,1.736,3,7.5422,7.6069,1.9046
2,4,5.3147,5.4513,1.736,4,6.0475,6.223,1.9707
2,4,5.3147,5.4513,1.736,5,30.4808,30.0805,3.8259
2,5,5.4685,5.3593,2.5049,1,19.699,19.0411,4.3526
2,5,5.4685,5.3593,2.5049,2,53.165,52.1046,8.2547
2,5,5.4685,5.3593,2.5049,3,50.7885,50.0531,8.2305
2,5,5.4685,5.3593,2.5049,4,48.4056,47.9656,7.9521
2,5,5.4685,5.3593,2.5049,5,6.9556,6.8389,2.6292
2,5,5.2544,5.4399,2.5159,1,19.6226,19.657,4.2967
2,5,5.2544,5.4399,2.5159,2,53.0405,54.0587,8.9835
2,5,5.2544,5.4399,2.5159,3,51.0021,52.0449,9.1893
2,5,5.2544,5.4399,2.5159,4,48.3292,49.9632,8.8719
2,5,5.2544,5.4399,2.5159,5,7.0735,7.1635,2.6291
2,5,5.2382,5.4505,2.3742,1,19.0704,19.357,4.007
2,5,5.2382,5.4505,2.3742,2,52.6191,52.2322,6.4943
2,5,5.2382,5.4505,2.3742,3,51.1461,50.028,6.7883
2,5,5.2382,5.4505,2.3742,4,49.16,48.2196,6.0657
2,5,5.2382,5.4505,2.3742,5,7.0535,6.7827,2.8017
2,5,5.4745,5.47,2.3803,1,19.2076,19.2852,4.0598
2,5,5.4745,5.47,2.3803,2,52.5873,52.5005,7.0449
2,5,5.4745,5.47,2.3803,3,50.2923,50.226,6.9808
2,5,5.4745,5.47,2.3803,4,48.1725,48.3236,6.8788
2,5,5.4745,5.47,2.3803,5,6.885,6.8779,2.4664
2,5,5.4662,5.2067,2.5896,1,19.315,20.1468,4.9564
2,5,5.4662,5.2067,2.5896,2,52.8646,53.897,9.1935
2,5,5.4662,5.2067,2.5896,3,50.613,51.8766,9.3865
2,5,5.4662,5.2067,2.5896,4,48.6947,49.5074,8.2103
2,5,5.4662,5.2067,2.5896,5,6.8535,7.0936,2.7914
3,1,9.0106,8.8762,2.7079,1,8.1791,7.9961,2.868
3,1,9.0106,8.8762,2.7079,2,62.7357,61.5917,4.2992
3,1,9.0106,8.8762,2.7079,3,70.1553,70.049,4.6378
3,1,9.0106,8.8762,2.7079,4,64.8041,64.3467,4.6636
3,1,9.0106,8.8762,2.7079,5,28.749,29.278,6.8304
3,1,8.8978,8.8724,2.62,1,8.2466,8.5132,2.6483
3,1,8.8978,8.8724,2.62,2,62.444,63.9045,3.57
3,1,8.8978,8.8724,2.62,3,70.1998,72.4544,3.729
3,1,8.8978,8.8724,2.62,4,65.1026,66.3745,3.8391
3,1,8.8978,8.8724,2.62,5,30.0708,30.4524,4.1127
3,1,8.924,8.8856,2.6055,1,8.6636,7.6952,2.597
3,1,8.924,8.8856,2.6055,2,65.0796,60.3268,4.7649
3,1,8.924,8.8856,2.6055,3,73.0718,68.6117,3.9277
3,1,8.924,8.8856,2.6055,4,68.1452,62.9157,4.4061
3,1,8.924,8.8856,2.6055,5,30.0673,28.8103,4.0472
3,1,8.9025,8.9224,2.6534,1,8.4317,8.0816,2.794
3,1,8.9025,8.9224,2.6534,2,63.6429,62.4096,1.8885
3,1,8.9025,8.9224,2.6534,3,71.7608,71.2231,2.1578
3,1,8.9025,8.9224,2.6534,4,67.0954,65.3303,2.3346
3,1,8.9025,8.9224,2.6534,5,30.788,29.643,6.1344
3,1,8.8664,8.8626,2.6075,1,8.1541,8.0017,2.7332
3,1,8.8664,8.8626,2.6075,2,62.0841,61.0536,5.9671
3,1,8.8664,8.8626,2.6075,3,70.515,68.9419,3.8561
3,1,8.8664,8.8626,2.6075,4,65.7519,63.099,4.6877
3,1,8.8664,8.8626,2.6075,5,30.4321,29.6565,4.9352
3,2,5.8183,5.917,2.1874,1,33.3021,31.2797,24.9526
3,2,5.8183,5.917,2.1874,2,8.7727,9.7681,1.6478
3,2,5.8183,5.917,2.1874,3,15.0574,16.3534,2.4696
3,2,5.8183,5.917,2.1874,4,12.9265,13.9234,1.8821
3,2,5.8183,5.917,2.1874,5,43.5679,40.993,21.2113
3,2,5.8844,5.8694,2.1255,1,32.4408,33.2321,6.7407
3,2,5.8844,5.8694,2.1255,2,8.9863,9.0388,1.667
3,2,5.8844,5.8694,2.1255,3,15.6204,15.4976,2.3591
3,2,5.8844,5.8694,2.1255,4,13.4437,13.264,2.0688
3,2,5.8844,5.8694,2.1255,5,42.2672,42.1662,9.4748
3,2,5.8842,5.8974,2.0749,1,33.3363,32.6847,25.5111
3,2,5.8842,5.8974,2.0749,2,8.9239,9.2707,1.7115
3,2,5.8842,5.8974,2.0749,3,15.3806,15.7112,2.4019
3,2,5.8842,5.8974,2.0749,4,13.281,13.3399,2.0267
3,2,5.8842,5.8974,2.0749,5,43.151,42.0756,19.1916
3,2,5.7844,5.8641,2.1333,1,32.6498,33.3896,7.0208
3,2,5.7844,5.8641,2.1333,2,9.1449,8.8773,1.6654
3,2,5.7844,5.8641,2.1333,3,15.4028,15.2282,2.4636
3,2,5.7844,5.8641,2.1333,4,13.2881,12.9637,2.0724
3,2,5.7844,5.8641,2.1333,5,42.1048,42.3749,12.3413
3,2,5.7078,5.889,2.1467,1,32.7903,33.8287,4.8095
3,2,5.7078,5.889,2.1467,2,9.1617,8.9792,1.6256
3,2,5.7078,5.889,2.1467,3,15.4688,15.4343,2.212
3,2,5.7078,5.889,2.1467,4,13.2059,13.2419,2.0565
3,2,5.7078,5.889,2.1467,5,42.2954,42.768,8.7866
3,3,5.1195,5.1409,2.2403,1,35.4104,38.4579,5.5707
3,3,5.1195,5.1409,2.2403,2,5.011,4.8418,1.7704
3,3,5.1195,5.1409,2.2403,3,5.539,5.2236,1.9845
3,3,5.1195,5.1409,2.2403,4,5.5341,5.3334,2.0155
3,3,5.1195,5.1409,2.2403,5,32.6037,34.284,5.9526
3,3,5.0824,5.161,2.2029,1,35.5896,36.2355,5.736
3,3,5.0824,5.161,2.2029,2,5.0642,5.1828,1.9432
3,3,5.0824,5.161,2.2029,3,5.316,5.6315,1.8842
3,3,5.0824,5.161,2.2029,4,5.5892,5.6773,1.9703
3,3,5.0824,5.161,2.2029,5,32.9891,33.5044,3.6761
3,3,5.0892,5.1169,2.287,1,35.0369,36.4876,7.2871
3,3,5.0892,5.1169,2.287,2,5.094,4.9286,1.8551
3,3,5.0892,5.1169,2.287,3,5.3465,5.4619,1.964
3,3,5.0892,5.1169,2.287,4,5.588,5.4404,1.956
3,3,5.0892,5.1169,2.287,5,32.8354,32.5297,5.8715
3,3,5.1403,5.1167,2.2027,1,37.1066,37.2171,5.2436
3,3,5.1403,5.1167,2.2027,2,4.9795,5.0587,2.0519
3,3,5.1403,5.1167,2.2027,3,5.3571,5.4629,1.987
3,3,5.1403,5.1167,2.2027,4,5.4635,5.5079,2.196
3,3,5.1403,5.1167,2.2027,5,33.6153,33.3361,3.1692
3,3,5.0436,5.1185,2.1504,1,36.6479,37.174,8.1697
3,3,5.0436,5.1185,2.1504,2,5.0339,4.935,1.6111
3,3,5.0436,5.1185,2.1504,3,5.143,5.4176,1.8273
3,3,5.0436,5.1185,2.1504,4,5.4322,5.4318,1.6905
3,3,5.0436,5.1185,2.1504,5,33.425,32.4288,5.0953
3,4,5.3837,5.3095,1.7534,1,28.9378,29.5512,2.6851
3,4,5.3837,5.3095,1.7534,2,5.5142,5.1607,1.3415
3,4,5.3837,5.3095,1.7534,3,7.5246,7.2571,1.7527
3,4,5.3837,5.3095,1.7534,4,6.0658,5.8639,1.8802
3,4,5.3837,5.3095,1.7534,5,30.8973,31.154,4.0018
3,4,5.3926,5.447,1.7023,1,29.0996,27.8793,2.7322
3,4,5.3926,5.447,1.7023,2,5.4441,5.7527,1.2609
3,4,5.3926,5.447,1.7023,3,7.4994,7.8927,1.7801
3,4,5.3926,5.447,1.7023,4,6.0859,6.4279,1.7373
3,4,5.3926,5.447,1.7023,5,30.5133,29.8371,4.0437
3,4,5.4164,5.3927,1.693,1,28.9773,30.3361,2.5557
3,4,5.4164,5.3927,1.693,2,5.6127,5.3001,1.2927
3,4,5.4164,5.3927,1.693,3,7.5933,7.2783,1.5419
3,4,5.4164,5.3927,1.693,4,6.1225,5.8858,1.6486
3,4,5.4164,5.3927,1.693,5,30.7023,31.4595,4.9621
3,4,5.378,5.3142,1.7821,1,29.2979,28.5423,2.6585
3,4,5.378,5.3142,1.7821,2,5.4689,5.4272,1.3197
3,4,5.378,5.3142,1.7821,3,7.436,7.6512,1.7445
3,4,5.378,5.3142,1.7821,4,6.0034,6.1036,1.7583
3,4,5.378,5.3142,1.7821,5,30.5644,30.1934,4.4688
3,4,5.4788,5.3025,1.6374,1,28.6935,28.4118,2.4546
3,4,5.4788,5.3025,1.6374,2,5.5264,5.4386,1.2887
3,4,5.4788,5.3025,1.6374,3,7.7496,7.5957,1.8129
3,4,5.4788,5.3025,1.6374,4,6.3039,6.0343,1.7688
3,4,5.4788,5.3025,1.6374,5,29.7773,30.0368,3.8958
3,5,5.2725,5.082,2.3938,1,18.7339,19.3479,3.9724
3,5,5.2725,5.082,2.3938,2,52.5863,53.2281,5.9039
3,5,5.2725,5.082,2.3938,3,49.99,51.4749,6.253
3,5,5.2725,5.082,2.3938,4,48.5064,49.103,5.332
3,5,5.2725,5.082,2.3938,5,6.824,7.3555,2.4497
3,5,5.3554,5.0316,2.5887,1,19.3886,19.1029,4.8093
3,5,5.3554,5.0316,2.5887,2,53.0092,52.4661,6.3665
3,5,5.3554,5.0316,2.5887,3,50.5682,50.8427,5.4923
3,5,5.3554,5.0316,2.5887,4,48.9545,48.6968,5.0527
3,5,5.3554,5.0316,2.5887,5,6.8813,7.1768,2.6683
3,5,5.0914,5.0469,2.4319,1,19.6983,19.2973,3.5934
3,5,5.0914,5.0469,2.4319,2,53.4866,53.4521,4.3004
3,5,5.0914,5.0469,2.4319,3,52.1069,51.6382,4.9966
3,5,5.0914,5.0469,2.4319,4,49.0215,49.273,4.1482
3,5,5.0914,5.0469,2.4319,5,7.4353,7.318,2.2848
3,5,5.2528,5.0737,2.4818,1,19.5929,19.3936,3.9199
3,5,5.2528,5.0737,2.4818,2,52.9415,54.0581,7.5071
3,5,5.2528,5.0737,2.4818,3,51.4231,52.2263,8.0875
3,5,5.2528,5.0737,2.4818,4,49.1115,49.8009,7.0893
3,5,5.2528,5.0737,2.4818,5,7.1988,7.3441,2.5605
3,5,5.199,5.0698,2.48,1,19.2844,19.3024,5.8956
3,5,5.199,5.0698,2.48,2,52.5606,53.929,7.3808
3,5,5.199,5.0698,2.48,3,50.6083,52.4111,7.5653
3,5,5.199,5.0698,2.48,4,48.6363,50.3177,6.4093
3,5,5.199,5.0698,2.48,5,7.0694,7.3148,2.7258
4,1,8.8348,8.8816,2.6981,1,8.676,7.9646,2.7753
4,1,8.8348,8.8816,2.6981,2,62.7309,60.9399,11.209
4,1,8.8348,8.8816,2.6981,3,70.8017,69.248,8.4145
4,1,8.8348,8.8816,2.6981,4,65.6522,63.2747,9.1975
4,1,8.8348,8.8816,2.6981,5,31.2968,29.1429,4.8021
4,1,8.8966,8.932,2.5942,1,7.8351,7.7989,2.6917
4,1,8.8966,8.932,2.5942,2,61.1936,59.1659,2.5727
4,1,8.8966,8.932,2.5942,3,69.1725,67.0452,2.537
4,1,8.8966,8.932,2.5942,4,63.2107,61.3162,3.1098
4,1,8.8966,8.932,2.5942,5,29.3195,27.8977,7.2394
4,1,8.9131,8.8988,2.8289,1,7.9371,8.4994,2.8918
4,1,8.9131,8.8988,2.8289,2,60.8704,64.0117,2.763
4,1,8.9131,8.8988,2.8289,3,68.7334,72.8392,3.2948
4,1,8.9131,8.8988,2.8289,4,63.8087,66.9088,3.2585
4,1,8.9131,8.8988,2.8289,5,29.3094,30.273,7.6827
4,1,8.8726,8.8883,2.6236,1,8.7224,8.3571,2.6304
4,1,8.8726,8.8883,2.6236,2,63.3284,61.8714,5.4447
4,1,8.8726,8.8883,2.6236,3,71.4338,70.2973,5.5263
4,1,8.8726,8.8883,2.6236,4,66.0753,64.5766,5.8064
4,1,8.8726,8.8883,2.6236,5,30.762,29.6886,4.8827
4,1,8.844,8.8944,2.5739,1,8.3058,8.755,2.6455
4,1,8.844,8.8944,2.5739,2,61.3811,63.8871,3.8467
4,1,8.844,8.8944,2.5739,3,69.3415,72.2149,3.6828
4,1,8.844,8.8944,2.5739,4,64.6353,66.3222,3.7755
4,1,8.844,8.8944,2.5739,5,30.3209,30.716,5.2732
4,2,5.8238,5.8859,2.2028,1,32.9903,33.8028,11.083
4,2,5.8238,5.8859,2.2028,2,8.9394,8.7751,1.4275
4,2,5.8238,5.8859,2.2028,3,15.2339,15.1,2.1636
4,2,5.8238,5.8859,2.2028,4,13.0947,12.9374,2.041
4,2,5.8238,5.8859,2.2028,5,43.6008,42.4587,36.3446
4,2,5.7067,5.7735,2.2304,1,33.1701,32.808,22.8958
4,2,5.7067,5.7735,2.2304,2,9.17,9.0018,1.7434
4,2,5.7067,5.7735,2.2304,3,15.2791,15.4271,2.4956
4,2,5.7067,5.7735,2.2304,4,12.9463,13.0948,2.2283
4,2,5.7067,5.7735,2.2304,5,41.9208,41.8196,56.3031
4,2,5.7529,5.8128,2.3093,1,32.6546,33.9681,4.5354
4,2,5.7529,5.8128,2.3093,2,9.0148,8.6187,1.7608
4,2,5.7529,5.8128,2.3093,3,15.4,14.9009,2.7855
4,2,5.7529,5.8128,2.3093,4,13.0773,12.7369,2.2413
4,2,5.7529,5.8128,2.3093,5,41.9339,43.3635,8.557
4,2,5.7156,5.7527,2.2091,1,31.8397,32.9701,4.5146
4,2,5.7156,5.7527,2.2091,2,9.3684,9.0225,1.3798
4,2,5.7156,5.7527,2.2091,3,15.596,15.3841,1.9022
4,2,5.7156,5.7527,2.2091,4,13.3285,13.0542,1.5011
4,2,5.7156,5.7527,2.2091,5,40.7634,42.1942,7.3389
4,2,5.6983,5.7931,2.1699,1,33.2485,32.4605,9.2749
4,2,5.6983,5.7931,2.1699,2,9.2337,9.0547,1.73
4,2,5.6983,5.7931,2.1699,3,15.4943,15.5245,2.7314
4,2,5.6983,5.7931,2.1699,4,13.1059,13.1954,2.7121
4,2,5.6983,5.7931,2.1699,5,42.6629,41.498,41.8388
4,3,5.0163,5.1006,2.2257,1,36.3608,35.978,5.8548
4,3,5.0163,5.1006,2.2257,2,4.8938,4.9301,1.7879
4,3,5.0163,5.1006,2.2257,3,5.187,5.548,1.8232
4,3,5.0163,5.1006,2.2257,4,5.3988,5.4468,2.1375
4,3,5.0163,5.1006,2.2257,5,33.3022,32.045,3.9839
4,3,5.0376,5.1265,2.2612,1,35.3782,35.4656,3.9601
4,3,5.0376,5.1265,2.2612,2,5.1444,5.1615,2.0708
4,3,5.0376,5.1265,2.2612,3,5.4175,5.742,1.9565
4,3,5.0376,5.1265,2.2612,4,5.5809,5.6973,2.1401
4,3,5.0376,5.1265,2.2612,5,30.8095,31.993,5.063
4,3,5.0184,5.0997,2.2553,1,35.2642,36.5533,12.7623
4,3,5.0184,5.0997,2.2553,2,5.2402,4.9369,1.9053
4,3,5.0184,5.0997,2.2553,3,5.429,5.3631,2.1058
4,3,5.0184,5.0997,2.2553,4,5.6332,5.4112,2.0738
4,3,5.0184,5.0997,2.2553,5,32.1029,32.4365,6.6974
4,3,5.0223,5.1249,2.1853,1,36.8409,36.7205,3.5191
4,3,5.0223,5.1249,2.1853,2,5.0835,4.8894,2.0003
4,3,5.0223,5.1249,2.1853,3,5.1218,5.371,2.0193
4,3,5.0223,5.1249,2.1853,4,5.399,5.3814,2.1181
4,3,5.0223,5.1249,2.1853,5,33.4117,32.7266,3.4783
4,3,5.0486,5.1649,2.1917,1,36.5796,38.1636,5.154
4,3,5.0486,5.1649,2.1917,2,4.9366,4.9955,1.9255
4,3,5.0486,5.1649,2.1917,3,5.2758,5.3828,1.8009
4,3,5.0486,5.1649,2.1917,4,5.4796,5.4169,2.0529
4,3,5.0486,5.1649,2.1917,5,33.5167,34.4877,5.5878
4,4,5.3015,5.307,1.7764,1,28.2092,28.4779,2.9587
4,4,5.3015,5.307,1.7764,2,5.4275,5.4576,1.5228
4,4,5.3015,5.307,1.7764,3,7.712,7.6381,1.9103
4,4,5.3015,5.307,1.7764,4,6.1336,6.1411,2.0203
4,4,5.3015,5.307,1.7764,5,30.5676,30.0006,3.8336
4,4,5.3041,5.369,1.7087,1,28.8271,28.2611,2.8023
4,4,5.3041,5.369,1.7087,2,5.3446,5.4889,1.3993
4,4,5.3041,5.369,1.7087,3,7.5219,7.6448,1.7424
4,4,5.3041,5.369,1.7087,4,6.0757,6.1755,1.7841
4,4,5.3041,5.369,1.7087,5,30.3612,30.0813,3.5729
4,4,5.3358,5.3151,1.76,1,28.2034,29.0969,2.6753
4,4,5.3358,5.3151,1.76,2,5.5288,5.4754,1.3995
4,4,5.3358,5.3151,1.76,3,7.6221,7.604,1.7635
4,4,5.3358,5.3151,1.76,4,6.1393,6.117,1.8769
4,4,5.3358,5.3151,1.76,5,30.3948,30.2892,4.5958
4,4,5.3052,5.3063,1.7002,1,29.4034,28.2538,2.9136
4,4,5.3052,5.3063,1.7002,2,5.3042,5.441,1.433
4,4,5.3052,5.3063,1.7002,3,7.3324,7.5699,1.6167
4,4,5.3052,5.3063,1.7002,4,5.9422,6.0889,1.8238
4,4,5.3052,5.3063,1.7002,5,31.2432,30.517,4.5116
4,4,5.3161,5.3155,1.7748,1,29.2642,29.2137,2.5464
4,4,5.3161,5.3155,1.7748,2,5.4436,5.3532,1.5766
4,4,5.3161,5.3155,1.7748,3,7.4452,7.4826,2.0812
4,4,5.3161,5.3155,1.7748,4,5.9923,6.0584,2.0936
4,4,5.3161,5.3155,1.7748,5,30.9614,30.3497,3.9671
4,5,5.1513,5.0569,2.4921,1,18.8319,19.0487,5.349
4,5,5.1513,5.0569,2.4921,2,52.8372,52.439,10.447
4,5,5.1513,5.0569,2.4921,3,51.2947,50.7752,11.3316
4,5,5.1513,5.0569,2.4921,4,49.234,48.8109,11.1372
4,5,5.1513,5.0569,2.4921,5,7.1962,6.9027,2.7963
4,5,5.0452,5.033,2.5277,1,18.7072,18.8566,3.7313
4,5,5.0452,5.033,2.5277,2,52.5207,51.7903,5.2581
4,5,5.0452,5.033,2.5277,3,51.2594,50.259,4.6744
4,5,5.0452,5.033,2.5277,4,48.676,48.644,4.9109
4,5,5.0452,5.033,2.5277,5,7.1001,7.0025,2.7285
4,5,5.0911,5.0267,2.5012,1,18.6706,18.9171,5.608
4,5,5.0911,5.0267,2.5012,2,52.1923,52.4083,5.9358
4,5,5.0911,5.0267,2.5012,3,50.6272,50.9651,5.4029
4,5,5.0911,5.0267,2.5012,4,49.0283,48.8764,5.578
4,5,5.0911,5.0267,2.5012,5,6.9643,7.1787,2.7712
4,5,5.0372,5.0444,2.4569,1,19.0216,18.9624,3.1302
4,5,5.0372,5.0444,2.4569,2,52.3134,52.3037,3.0249
4,5,5.0372,5.0444,2.4569,3,50.3178,50.7236,3.4962
4,5,5.0372,5.0444,2.4569,4,48.1709,48.5922,3.3186
4,5,5.0372,5.0444,2.4569,5,7.0313,7.0173,2.4374
4,5,5.0639,5.0839,2.5262,1,19.147,19.4574,4.54
4,5,5.0639,5.0839,2.5262,2,52.1059,54.1096,4.1119
4,5,5.0639,5.0839,2.5262,3,50.3678,53.2565,4.9918
4,5,5.0639,5.0839,2.5262,4,48.0137,50.506,4.0559
4,5,5.0639,5.0839,2.5262,5,6.895,7.9873,2.6461
5,1,8.5471,8.5322,2.6781,1,8.0645,7.949,3.3452
5,1,8.5471,8.5322,2.6781,2,61.7638,62.2581,7.0188
5,1,8.5471,8.5322,2.6781,3,70.4636,71.8793,7.5135
5,1,8.5471,8.5322,2.6781,4,65.5648,67.4148,6.8291
5,1,8.5471,8.5322,2.6781,5,32.13,32.8905,13.3583
5,1,8.5456,8.7453,2.6854,1,8.1107,8.2114,2.6752
5,1,8.5456,8.7453,2.6854,2,63.3212,61.1268,6.6564
5,1,8.5456,8.7453,2.6854,3,73.4602,69.4468,5.6853
5,1,8.5456,8.7453,2.6854,4,68.8395,64.9304,7.1253
5,1,8.5456,8.7453,2.6854,5,32.9125,31.8968,6.5256
5,1,8.7133,8.6642,2.7382,1,8.2405,7.938,3.2695
5,1,8.7133,8.6642,2.7382,2,58.8536,59.061,8.2588
5,1,8.7133,8.6642,2.7382,3,67.3502,67.664,7.955
5,1,8.7133,8.6642,2.7382,4,63.5402,62.0127,7.7034
5,1,8.7133,8.6642,2.7382,5,32.987,30.7211,11.9971
5,1,8.5252,8.6877,2.8699,1,8.0508,7.9809,3.2445
5,1,8.5252,8.6877,2.8699,2,61.3655,62.4876,5.1346
5,1,8.5252,8.6877,2.8699,3,71.2803,71.8931,6.5115
5,1,8.5252,8.6877,2.8699,4,66.691,67.275,3.8989
5,1,8.5252,8.6877,2.8699,5,33.4079,31.008,16.6666
5,1,8.6398,8.7358,2.8554,1,8.2059,8.4093,3.7435
5,1,8.6398,8.7358,2.8554,2,64.8511,63.3982,8.6848
5,1,8.6398,8.7358,2.8554,3,75.3728,71.3598,10.0136
5,1,8.6398,8.7358,2.8554,4,69.7931,67.3593,8.6246
5,1,8.6398,8.7358,2.8554,5,33.1313,31.9296,7.8107
5,2,5.654,5.66,2.4752,1,33.2793,33.3881,120.8018
5,2,5.654,5.66,2.4752,2,8.9652,9.425,1.4477
5,2,5.654,5.66,2.4752,3,15.1145,15.0265,6.089
5,2,5.654,5.66,2.4752,4,12.8186,12.8919,3.5097
5,2,5.654,5.66,2.4752,5,42.6044,42.408,205.4405
5,2,5.6098,5.6549,2.5355,1,32.1531,32.4256,9.6094
5,2,5.6098,5.6549,2.5355,2,9.5464,9.3539,3.3618
5,2,5.6098,5.6549,2.5355,3,15.3753,15.5037,5.2773
5,2,5.6098,5.6549,2.5355,4,13.2867,13.298,5.2916
5,2,5.6098,5.6549,2.5355,5,42.6339,41.7721,12.8016
5,2,5.6029,5.6473,2.2109,1,31.2586,33.2488,31.8822
5,2,5.6029,5.6473,2.2109,2,9.6657,9.2521,2.7485
5,2,5.6029,5.6473,2.2109,3,15.4077,15.4131,4.9319
5,2,5.6029,5.6473,2.2109,4,13.2549,12.9482,4.6782
5,2,5.6029,5.6473,2.2109,5,41.5637,41.9242,66.8393
5,2,5.5888,5.6474,2.2352,1,31.1835,32.8803,5.7619
5,2,5.5888,5.6474,2.2352,2,9.5499,9.703,1.842
5,2,5.5888,5.6474,2.2352,3,15.4146,15.6246,3.2517
5,2,5.5888,5.6474,2.2352,4,13.1538,13.5194,2.7108
5,2,5.5888,5.6474,2.2352,5,41.6769,41.5232,14.3264
5,2,5.6508,5.6328,2.1856,1,32.7665,33.008,24.0251
5,2,5.6508,5.6328,2.1856,2,9.4164,9.2165,3.0215
5,2,5.6508,5.6328,2.1856,3,15.3584,15.3176,6.7591
5,2,5.6508,5.6328,2.1856,4,13.1892,12.8786,6.3676
5,2,5.6508,5.6328,2.1856,5,42.1883,42.1816,82.7384
5,3,4.9372,5.0612,2.2507,1,35.9476,37.7577,6.4455
5,3,4.9372,5.0612,2.2507,2,4.9546,4.9364,1.7246
5,3,4.9372,5.0612,2.2507,3,5.4214,5.3452,2.0425
5,3,4.9372,5.0612,2.2507,4,5.4982,5.2766,1.9278
5,3,4.9372,5.0612,2.2507,5,32.6512,33.8286,7.209
5,3,4.9484,5.0082,2.3015,1,35.8121,35.643,8.0086
5,3,4.9484,5.0082,2.3015,2,5.0776,5.1161,1.7619
5,3,4.9484,5.0082,2.3015,3,5.4224,5.7505,2.1479
5,3,4.9484,5.0082,2.3015,4,5.7325,5.7677,2.2664
5,3,4.9484,5.0082,2.3015,5,33.034,32.4567,11.9059
5,3,5.0034,5.0641,2.2159,1,34.8236,35.8702,13.9101
5,3,5.0034,5.0641,2.2159,2,5.2366,5.1051,2.0567
5,3,5.0034,5.0641,2.2159,3,5.4712,5.8225,2.1855
5,3,5.0034,5.0641,2.2159,4,5.7103,5.4987,2.3743
5,3,5.0034,5.0641,2.2159,5,31.0659,31.9619,4.7969
5,3,4.9872,5.0096,2.2378,1,35.8398,37.3767,9.2227
5,3,4.9872,5.0096,2.2378,2,5.0419,4.8705,1.8383
5,3,4.9872,5.0096,2.2378,3,5.2443,5.0994,1.9486
5,3,4.9872,5.0096,2.2378,4,5.5239,5.2579,2.1426
5,3,4.9872,5.0096,2.2378,5,31.6993,33.168,4.4064
5,3,4.9278,5.0241,2.2729,1,35.5146,37.0069,22.3659
5,3,4.9278,5.0241,2.2729,2,5.0227,4.8871,1.7323
5,3,4.9278,5.0241,2.2729,3,5.3151,5.2875,2.346
5,3,4.9278,5.0241,2.2729,4,5.6744,5.3749,2.1029
5,3,4.9278,5.0241,2.2729,5,32.3402,33.3473,16.1104
5,4,5.2691,5.3489,1.8469,1,29.3275,28.8525,3.175
5,4,5.2691,5.3489,1.8469,2,5.3358,5.3141,1.5665
5,4,5.2691,5.3489,1.8469,3,7.3523,7.1579,2.2177
5,4,5.2691,5.3489,1.8469,4,5.9241,5.9212,2.2784
5,4,5.2691,5.3489,1.8469,5,31.1941,31.4112,5.0451
5,4,5.2624,5.2873,1.6981,1,29.023,29.2127,4.175
5,4,5.2624,5.2873,1.6981,2,5.5267,5.3275,1.3999
5,4,5.2624,5.2873,1.6981,3,7.4062,7.5061,2.2089
5,4,5.2624,5.2873,1.6981,4,5.9533,5.9981,1.9027
5,4,5.2624,5.2873,1.6981,5,30.8705,30.4903,7.1651
5,4,5.285,5.2885,1.8773,1,30.0458,28.4024,3.2265
5,4,5.285,5.2885,1.8773,2,5.4775,5.5667,1.5439
5,4,5.285,5.2885,1.8773,3,7.3813,7.6121,1.7716
5,4,5.285,5.2885,1.8773,4,5.781,6.0775,2.2728
5,4,5.285,5.2885,1.8773,5,31.1611,30.0553,6.7131
5,4,5.2868,5.2913,1.8617,1,28.3303,28.9374,3.6587
5,4,5.2868,5.2913,1.8617,2,5.6307,5.2985,1.5222
5,4,5.2868,5.2913,1.8617,3,7.4343,7.4219,1.9602
5,4,5.2868,5.2913,1.8617,4,6.0207,5.9441,2.33
5,4,5.2868,5.2913,1.8617,5,29.9111,30.0693,9.4414
5,4,5.2853,5.2708,1.7593,1,28.5382,28.7882,2.8515
5,4,5.2853,5.2708,1.7593,2,5.5492,5.392,1.5352
5,4,5.2853,5.2708,1.7593,3,7.6901,7.5698,1.9925
5,4,5.2853,5.2708,1.7593,4,6.0795,6.1059,2.0744
5,4,5.2853,5.2708,1.7593,5,29.995,30.6591,6.1126
5,5,5.0818,5.0178,2.5779,1,19.411,19.1119,8.2789
5,5,5.0818,5.0178,2.5779,2,52.3515,53.102,12.7295
5,5,5.0818,5.0178,2.5779,3,50.6871,51.4072,8.4842
5,5,5.0818,5.0178,2.5779,4,49.0862,48.8248,8.492
5,5,5.0818,5.0178,2.5779,5,7.1541,7.331,3.1067
5,5,5.0163,5.0484,2.6016,1,19.5192,19.4851,8.7552
5,5,5.0163,5.0484,2.6016,2,52.9143,53.9287,13.5172
5,5,5.0163,5.0484,2.6016,3,51.6148,52.1806,8.0935
5,5,5.0163,5.0484,2.6016,4,48.9893,49.8023,11.5831
5,5,5.0163,5.0484,2.6016,5,7.2278,7.2562,2.8745
5,5,4.9725,5.0032,2.548,1,19.7148,19.4427,7.7092
5,5,4.9725,5.0032,2.548,2,53.2762,52.8575,4.0528
5,5,4.9725,5.0032,2.548,3,51.4105,50.6783,3.2039
5,5,4.9725,5.0032,2.548,4,49.4881,48.4392,3.9276
5,5,4.9725,5.0032,2.548,5,7.1255,7.1119,2.9094
5,5,4.991,4.9917,2.6185,1,19.0769,18.9194,6.393
5,5,4.991,4.9917,2.6185,2,51.9947,52.4687,4.7375
5,5,4.991,4.9917,2.6185,3,50.5265,50.386,7.5049
5,5,4.991,4.9917,2.6185,4,47.8639,48.6423,7.0467
5,5,4.991,4.9917,2.6185,5,7.0028,7.1917,2.6455
5,5,5.0041,5.0205,2.555,1,19.0191,18.966,5.9939
5,5,5.0041,5.0205,2.555,2,52.9031,52.8327,7.8197
5,5,5.0041,5.0205,2.555,3,50.8193,51.3661,6.4546
5,5,5.0041,5.0205,2.555,4,49.1643,48.6613,6.8233
5,5,5.0041,5.0205,2.555,5,7.0919,7.5261,3.1619
