1,6,3.6909,3.6463,3.7461,6,5.5894,5.5744,5.0986
1,6,3.6909,3.6463,3.7461,7,54.6492,54.675,44.7999
1,6,3.6909,3.6463,3.7461,8,33.9848,33.6125,20.7294
1,6,3.6909,3.6463,3.7461,9,63.7754,63.2509,19.2661
1,6,3.6909,3.6463,3.7461,10,123.7371,121.9951,32.7199
1,6,3.6479,3.6396,3.5927,6,5.5614,5.3483,4.9969
1,6,3.6479,3.6396,3.5927,7,54.5514,54.8019,43.8388
1,6,3.6479,3.6396,3.5927,8,33.7654,34.6357,20.6043
1,6,3.6479,3.6396,3.5927,9,64.0278,66.0953,18.8303
1,6,3.6479,3.6396,3.5927,10,123.4377,125.8099,31.874
1,6,3.6795,3.6444,3.74,6,5.4228,5.5248,5.0619
1,6,3.6795,3.6444,3.74,7,55.2171,54.6449,45.9703
1,6,3.6795,3.6444,3.74,8,34.8494,33.9988,20.9972
1,6,3.6795,3.6444,3.74,9,65.5445,64.6065,19.1221
1,6,3.6795,3.6444,3.74,10,126.139,123.6731,32.1494
1,6,3.6789,3.6478,3.7035,6,5.5309,5.4954,5.1115
1,6,3.6789,3.6478,3.7035,7,54.6665,54.9427,40.6782
1,6,3.6789,3.6478,3.7035,8,34.1315,33.9682,20.5796
1,6,3.6789,3.6478,3.7035,9,64.0959,63.8251,21.1111
1,6,3.6789,3.6478,3.7035,10,124.1409,122.8758,36.4772
1,6,3.6784,3.6364,3.7185,6,5.5063,5.3571,5.1851
1,6,3.6784,3.6364,3.7185,7,54.6528,54.7232,38.7189
1,6,3.6784,3.6364,3.7185,8,34.3863,34.4622,19.4863
1,6,3.6784,3.6364,3.7185,9,64.783,65.8847,19.809
1,6,3.6784,3.6364,3.7185,10,125.0584,125.5531,35.1949
1,7,4.3864,4.3747,3.6817,6,70.6634,70.7355,76.8623
1,7,4.3864,4.3747,3.6817,7,5.0759,5.0593,3.2803
1,7,4.3864,4.3747,3.6817,8,25.8265,26.0856,25.8456
1,7,4.3864,4.3747,3.6817,9,71.6238,72.4926,61.1233
1,7,4.3864,4.3747,3.6817,10,120.4213,121.779,94.8479
1,7,4.3966,4.3525,3.454,6,71.2903,71.3555,65.7476
1,7,4.3966,4.3525,3.454,7,5.1719,5.069,2.9758
1,7,4.3966,4.3525,3.454,8,26.1745,25.8943,19.9297
1,7,4.3966,4.3525,3.454,9,72.31,71.3583,46.8568
1,7,4.3966,4.3525,3.454,10,121.2147,120.5049,51.6878
1,7,4.3713,4.3472,3.8904,6,70.9346,70.8851,102.6245
1,7,4.3713,4.3472,3.8904,7,5.1293,5.0843,4.6637
1,7,4.3713,4.3472,3.8904,8,25.7408,25.6723,25.908
1,7,4.3713,4.3472,3.8904,9,71.785,71.7497,44.7312
1,7,4.3713,4.3472,3.8904,10,120.5205,120.525,59.1427
1,7,4.3941,4.3644,3.5106,6,71.0234,71.0362,66.5391
1,7,4.3941,4.3644,3.5106,7,5.1699,5.0955,3.049
1,7,4.3941,4.3644,3.5106,8,25.9346,25.5584,20.967
1,7,4.3941,4.3644,3.5106,9,71.8493,71.6366,50.1859
1,7,4.3941,4.3644,3.5106,10,120.6611,119.9723,71.9068
1,7,4.3734,4.3797,3.2921,6,71.866,70.414,64.1653
1,7,4.3734,4.3797,3.2921,7,5.1428,5.0653,2.7365
1,7,4.3734,4.3797,3.2921,8,25.87,25.8965,20.8102
1,7,4.3734,4.3797,3.2921,9,71.617,72.1672,49.3427
1,7,4.3734,4.3797,3.2921,10,120.2396,121.2485,54.9698
1,8,5.2215,5.1597,3.4625,6,31.0212,31.6729,27.7443
1,8,5.2215,5.1597,3.4625,7,10.2699,10.1674,8.524
1,8,5.2215,5.1597,3.4625,8,12.2846,12.1133,5.3806
1,8,5.2215,5.1597,3.4625,9,49.3603,49.3933,14.5742
1,8,5.2215,5.1597,3.4625,10,99.7647,98.7706,20.1161
1,8,5.2213,5.1709,3.3357,6,30.7431,31.3635,24.8251
1,8,5.2213,5.1709,3.3357,7,10.3836,10.2308,8.2545
1,8,5.2213,5.1709,3.3357,8,12.137,12.1397,5.2145
1,8,5.2213,5.1709,3.3357,9,48.6556,49.2211,15.3035
1,8,5.2213,5.1709,3.3357,10,98.6218,98.6532,21.2609
1,8,5.2236,5.1688,3.554,6,30.406,31.5696,27.8686
1,8,5.2236,5.1688,3.554,7,10.5482,10.2727,8.4529
1,8,5.2236,5.1688,3.554,8,12.0436,11.9737,5.2434
1,8,5.2236,5.1688,3.554,9,48.6098,48.5776,15.1145
1,8,5.2236,5.1688,3.554,10,98.5875,97.9738,21.4495
1,8,5.2121,5.1697,3.7318,6,30.9428,31.2884,28.0605
1,8,5.2121,5.1697,3.7318,7,10.3104,10.1404,8.0135
1,8,5.2121,5.1697,3.7318,8,12.3335,12.2929,5.1769
1,8,5.2121,5.1697,3.7318,9,49.2377,49.6132,13.9874
1,8,5.2121,5.1697,3.7318,10,99.3848,99.1203,19.7984
1,8,5.2066,5.1662,3.5819,6,31.4459,31.7252,28.6513
1,8,5.2066,5.1662,3.5819,7,10.1999,10.1617,8.1934
1,8,5.2066,5.1662,3.5819,8,12.0719,12.1866,4.9288
1,8,5.2066,5.1662,3.5819,9,48.7403,49.4495,14.0092
1,8,5.2066,5.1662,3.5819,10,98.3386,98.7806,18.8352
1,9,5.7866,5.7952,3.2103,6,79.3089,79.3288,15.6765
1,9,5.7866,5.7952,3.2103,7,73.4846,73.7147,23.2915
1,9,5.7866,5.7952,3.2103,8,32.9754,32.5627,9.6995
1,9,5.7866,5.7952,3.2103,9,7.1978,7.0096,2.8689
1,9,5.7866,5.7952,3.2103,10,16.2815,16.4816,5.7009
1,9,5.7841,5.8277,3.3335,6,79.8893,79.0669,15.0266
1,9,5.7841,5.8277,3.3335,7,73.9661,73.0243,39.6988
1,9,5.7841,5.8277,3.3335,8,32.996,33.0133,14.2566
1,9,5.7841,5.8277,3.3335,9,7.1133,7.2783,2.9284
1,9,5.7841,5.8277,3.3335,10,16.1914,16.2672,5.4561
1,9,5.8014,5.7948,3.323,6,79.0836,79.5713,14.3349
1,9,5.8014,5.7948,3.323,7,74.5894,74.3242,28.1318
1,9,5.8014,5.7948,3.323,8,32.9505,33.0982,11.0452
1,9,5.8014,5.7948,3.323,9,7.1078,7.1681,2.9494
1,9,5.8014,5.7948,3.323,10,16.5034,16.1559,5.4561
1,9,5.7884,5.809,3.3261,6,79.9158,81.3162,13.4505
1,9,5.7884,5.809,3.3261,7,73.6435,74.4474,25.9527
1,9,5.7884,5.809,3.3261,8,33.2023,33.2635,9.8534
1,9,5.7884,5.809,3.3261,9,7.1988,7.1113,2.9748
1,9,5.7884,5.809,3.3261,10,16.0365,15.8022,5.3794
1,9,5.7844,5.789,3.1826,6,79.0809,80.2163,14.1615
1,9,5.7844,5.789,3.1826,7,73.4225,73.6302,36.4328
1,9,5.7844,5.789,3.1826,8,32.8214,32.92,12.715
1,9,5.7844,5.789,3.1826,9,7.1657,7.2322,2.7894
1,9,5.7844,5.789,3.1826,10,16.2941,16.5248,5.4033
1,10,4.3034,4.3162,3.5918,6,162.1677,161.0307,44.5038
1,10,4.3034,4.3162,3.5918,7,115.1531,113.4978,29.098
1,10,4.3034,4.3162,3.5918,8,70.6212,69.5258,20.3915
1,10,4.3034,4.3162,3.5918,9,25.5201,25.1687,8.3065
1,10,4.3034,4.3162,3.5918,10,7.5302,7.4674,4.992
1,10,4.3062,4.3122,3.5118,6,161.2573,161.0932,38.0926
1,10,4.3062,4.3122,3.5118,7,114.3741,113.7495,29.8275
1,10,4.3062,4.3122,3.5118,8,70.0681,69.6153,18.8195
1,10,4.3062,4.3122,3.5118,9,25.132,25.1208,7.5141
1,10,4.3062,4.3122,3.5118,10,7.4812,7.4526,4.8476
1,10,4.305,4.317,3.4867,6,162.2604,163.7198,38.3604
1,10,4.305,4.317,3.4867,7,114.7604,115.7072,29.6228
1,10,4.305,4.317,3.4867,8,70.4014,71.151,19.5875
1,10,4.305,4.317,3.4867,9,25.4655,25.9824,7.5563
1,10,4.305,4.317,3.4867,10,7.6602,7.6278,4.6639
1,10,4.2873,4.3089,3.2191,6,160.9198,161.1572,41.0664
1,10,4.2873,4.3089,3.2191,7,114.7,114.3896,32.5853
1,10,4.2873,4.3089,3.2191,8,70.1351,69.4467,20.7484
1,10,4.2873,4.3089,3.2191,9,24.9674,24.9449,7.3364
1,10,4.2873,4.3089,3.2191,10,7.4387,7.5308,4.3829
1,10,4.3061,4.3213,3.2754,6,162.4743,158.7611,41.3408
1,10,4.3061,4.3213,3.2754,7,114.7682,112.416,28.3601
1,10,4.3061,4.3213,3.2754,8,70.5239,68.586,18.6815
1,10,4.3061,4.3213,3.2754,9,25.6479,24.5565,7.7452
1,10,4.3061,4.3213,3.2754,10,7.4666,7.3706,4.5836
2,6,3.6112,3.6301,3.5872,6,5.5402,5.2525,5.2619
2,6,3.6112,3.6301,3.5872,7,55.3866,55.5989,21.805
2,6,3.6112,3.6301,3.5872,8,34.6118,35.0649,9.9701
2,6,3.6112,3.6301,3.5872,9,64.3779,66.1395,13.0731
2,6,3.6112,3.6301,3.5872,10,123.7645,125.9631,22.5039
2,6,3.6081,3.6223,3.6002,6,5.5374,5.4786,5.2019
2,6,3.6081,3.6223,3.6002,7,55.126,55.0979,22.2809
2,6,3.6081,3.6223,3.6002,8,34.6244,34.4422,9.8827
2,6,3.6081,3.6223,3.6002,9,64.4017,64.8831,13.0754
2,6,3.6081,3.6223,3.6002,10,123.9371,124.3764,27.0095
2,6,3.651,3.6243,3.5379,6,5.4536,5.5852,4.9798
2,6,3.651,3.6243,3.5379,7,54.4807,54.8486,22.0384
2,6,3.651,3.6243,3.5379,8,33.7292,34.1038,9.1351
2,6,3.651,3.6243,3.5379,9,64.0768,63.7862,10.7506
2,6,3.651,3.6243,3.5379,10,123.3257,123.0895,16.8515
2,6,3.6497,3.6415,3.4114,6,5.5027,5.4163,4.9257
2,6,3.6497,3.6415,3.4114,7,54.7018,55.4881,26.678
2,6,3.6497,3.6415,3.4114,8,34.1748,34.5857,12.4414
2,6,3.6497,3.6415,3.4114,9,65.2782,64.2437,16.5357
2,6,3.6497,3.6415,3.4114,10,124.6482,123.7469,25.3977
2,6,3.6392,3.6264,3.6161,6,5.5382,5.5376,5.2627
2,6,3.6392,3.6264,3.6161,7,55.3414,55.0892,21.4653
2,6,3.6392,3.6264,3.6161,8,34.956,34.5292,9.8158
2,6,3.6392,3.6264,3.6161,9,64.2598,65.1235,13.6914
2,6,3.6392,3.6264,3.6161,10,124.2541,124.689,22.2111
2,7,4.3843,4.3399,3.3978,6,71.2177,70.8196,50.9441
2,7,4.3843,4.3399,3.3978,7,5.1656,5.029,2.771
2,7,4.3843,4.3399,3.3978,8,25.8077,25.6859,28.4672
2,7,4.3843,4.3399,3.3978,9,71.5784,71.3648,76.2203
2,7,4.3843,4.3399,3.3978,10,120.0955,120.3861,136.6082
2,7,4.3893,4.3392,3.3561,6,71.2878,71.5043,57.277
2,7,4.3893,4.3392,3.3561,7,5.1912,5.1582,2.8008
2,7,4.3893,4.3392,3.3561,8,25.5479,25.5151,26.1177
2,7,4.3893,4.3392,3.3561,9,71.1144,71.2027,68.3636
2,7,4.3893,4.3392,3.3561,10,119.4898,119.8451,121.9982
2,7,4.3945,4.351,3.4425,6,70.6455,70.8963,70.8438
2,7,4.3945,4.351,3.4425,7,5.1045,5.0549,2.9112
2,7,4.3945,4.351,3.4425,8,25.7487,25.8604,21.627
2,7,4.3945,4.351,3.4425,9,71.5432,71.4853,54.9559
2,7,4.3945,4.351,3.4425,10,120.1118,120.8603,86.285
2,7,4.3957,4.3864,3.3958,6,70.2313,70.0622,61.2403
2,7,4.3957,4.3864,3.3958,7,5.1027,4.9452,2.8472
2,7,4.3957,4.3864,3.3958,8,25.6615,26.1249,25.9752
2,7,4.3957,4.3864,3.3958,9,71.5824,72.9451,65.118
2,7,4.3957,4.3864,3.3958,10,120.3893,122.3203,115.8268
2,7,4.397,4.3477,3.5038,6,70.0635,70.6463,52.3445
2,7,4.397,4.3477,3.5038,7,5.0968,4.9918,2.8231
2,7,4.397,4.3477,3.5038,8,25.7127,25.9841,26.1865
2,7,4.397,4.3477,3.5038,9,71.7362,72.5869,69.9944
2,7,4.397,4.3477,3.5038,10,120.7161,122.1255,127.4063
2,8,5.1572,5.1728,3.3263,6,31.6601,31.3281,28.1306
2,8,5.1572,5.1728,3.3263,7,10.225,10.1315,4.5016
2,8,5.1572,5.1728,3.3263,8,12.1985,12.4069,4.5204
2,8,5.1572,5.1728,3.3263,9,49.3763,50.2842,16.4328
2,8,5.1572,5.1728,3.3263,10,98.9826,100.1332,42.4042
2,8,5.1651,5.1744,3.4088,6,32.6141,31.8291,10.5282
2,8,5.1651,5.1744,3.4088,7,10.0786,10.289,3.1853
2,8,5.1651,5.1744,3.4088,8,11.9714,11.9877,4.0625
2,8,5.1651,5.1744,3.4088,9,48.6785,48.7384,9.222
2,8,5.1651,5.1744,3.4088,10,97.5872,97.8909,17.6763
2,8,5.1533,5.1722,3.4681,6,31.4472,31.2925,12.386
2,8,5.1533,5.1722,3.4681,7,10.2394,10.256,2.7045
2,8,5.1533,5.1722,3.4681,8,12.2189,12.1307,4.2206
2,8,5.1533,5.1722,3.4681,9,49.5346,49.0657,9.0238
2,8,5.1533,5.1722,3.4681,10,99.1471,98.4541,18.8679
2,8,5.1593,5.1708,3.401,6,31.6352,31.4837,18.6227
2,8,5.1593,5.1708,3.401,7,10.0701,10.1159,2.9271
2,8,5.1593,5.1708,3.401,8,12.2221,12.3134,4.0268
2,8,5.1593,5.1708,3.401,9,49.5034,49.7966,9.4456
2,8,5.1593,5.1708,3.401,10,99.1296,99.1669,17.0146
2,8,5.1585,5.164,3.3515,6,32.1512,31.3498,18.2277
2,8,5.1585,5.164,3.3515,7,10.1457,10.1672,2.782
2,8,5.1585,5.164,3.3515,8,12.172,12.3081,3.9648
2,8,5.1585,5.164,3.3515,9,49.3355,49.8541,9.0892
2,8,5.1585,5.164,3.3515,10,98.3367,99.469,16.6336
2,9,5.7881,5.8131,3.1336,6,79.7346,78.8068,17.9864
2,9,5.7881,5.8131,3.1336,7,74.4808,72.913,21.9953
2,9,5.7881,5.8131,3.1336,8,33.3407,32.6845,9.6768
2,9,5.7881,5.8131,3.1336,9,7.1998,7.1753,2.936
2,9,5.7881,5.8131,3.1336,10,16.1818,16.3615,3.6347
2,9,5.7909,5.7913,3.1226,6,80.9168,79.8809,20.5754
2,9,5.7909,5.7913,3.1226,7,74.3815,74.2268,23.9261
2,9,5.7909,5.7913,3.1226,8,33.2225,33.1654,10.8645
2,9,5.7909,5.7913,3.1226,9,7.0917,7.1299,2.9545
2,9,5.7909,5.7913,3.1226,10,15.9535,16.1018,3.9444
2,9,5.7652,5.7952,3.1325,6,79.1285,79.736,15.5814
2,9,5.7652,5.7952,3.1325,7,73.5557,73.7519,35.554
2,9,5.7652,5.7952,3.1325,8,32.7589,32.8105,13.0363
2,9,5.7652,5.7952,3.1325,9,7.1472,7.0787,2.8486
2,9,5.7652,5.7952,3.1325,10,16.5235,16.1969,3.726
2,9,5.7932,5.8183,3.1603,6,79.0763,79.1933,12.2787
2,9,5.7932,5.8183,3.1603,7,72.9367,73.4476,30.9872
2,9,5.7932,5.8183,3.1603,8,32.8667,33.0631,11.6046
2,9,5.7932,5.8183,3.1603,9,7.1748,7.2253,2.7127
2,9,5.7932,5.8183,3.1603,10,16.2476,16.2213,4.0212
2,9,5.7888,5.8033,2.9802,6,79.2773,79.5195,16.0623
2,9,5.7888,5.8033,2.9802,7,73.9074,73.6989,29.938
2,9,5.7888,5.8033,2.9802,8,33.3595,33.038,11.1648
2,9,5.7888,5.8033,2.9802,9,7.2644,7.1938,2.7197
2,9,5.7888,5.8033,2.9802,10,16.2688,16.2634,3.8001
2,10,4.2886,4.3131,3.286,6,160.5978,161.8847,53.7464
2,10,4.2886,4.3131,3.286,7,114.5164,114.4813,29.1402
2,10,4.2886,4.3131,3.286,8,70.2266,70.2414,23.6742
2,10,4.2886,4.3131,3.286,9,25.1012,25.4264,8.2723
2,10,4.2886,4.3131,3.286,10,7.4388,7.4984,4.2035
2,10,4.3007,4.3235,3.3575,6,162.5546,158.0142,38.2426
2,10,4.3007,4.3235,3.3575,7,114.6348,112.1599,20.1366
2,10,4.3007,4.3235,3.3575,8,70.1969,68.2954,18.3111
2,10,4.3007,4.3235,3.3575,9,25.5269,24.2556,7.0161
2,10,4.3007,4.3235,3.3575,10,7.6157,7.3491,4.3025
2,10,4.3008,4.3094,3.2325,6,161.3176,159.636,39.1511
2,10,4.3008,4.3094,3.2325,7,114.5513,113.085,20.6
2,10,4.3008,4.3094,3.2325,8,70.3049,69.1916,17.9888
2,10,4.3008,4.3094,3.2325,9,25.2893,24.7898,7.0572
2,10,4.3008,4.3094,3.2325,10,7.4363,7.3203,4.2166
2,10,4.308,4.313,3.2093,6,163.2821,161.3889,42.0264
2,10,4.308,4.313,3.2093,7,115.2557,114.161,26.3719
2,10,4.308,4.313,3.2093,8,70.7895,69.6553,20.5375
2,10,4.308,4.313,3.2093,9,25.9154,25.1578,6.8039
2,10,4.308,4.313,3.2093,10,7.5708,7.5638,4.1768
2,10,4.3043,4.308,3.2192,6,161.1823,160.7457,35.9507
2,10,4.3043,4.308,3.2192,7,115.0404,113.7599,22.206
2,10,4.3043,4.308,3.2192,8,69.5406,69.4026,18.1752
2,10,4.3043,4.308,3.2192,9,24.8325,24.9829,6.0416
2,10,4.3043,4.308,3.2192,10,7.4001,7.3946,4.1459
3,6,3.6498,3.6211,3.5363,6,5.4672,5.5808,4.8638
3,6,3.6498,3.6211,3.5363,7,55.2451,54.896,41.4496
3,6,3.6498,3.6211,3.5363,8,34.536,34.0287,11.1953
3,6,3.6498,3.6211,3.5363,9,65.102,64.0924,14.5378
3,6,3.6498,3.6211,3.5363,10,125.1619,122.9737,30.6458
3,6,3.6518,3.6248,3.6365,6,5.4778,5.3344,5.1392
3,6,3.6518,3.6248,3.6365,7,55.2994,55.5191,28.0404
3,6,3.6518,3.6248,3.6365,8,35.2505,34.8857,15.8606
3,6,3.6518,3.6248,3.6365,9,65.937,65.5603,35.771
3,6,3.6518,3.6248,3.6365,10,126.5682,125.0336,89.0602
3,6,3.6073,3.6272,3.6476,6,5.4022,5.5611,5.4456
3,6,3.6073,3.6272,3.6476,7,55.2754,55.3261,21.3757
3,6,3.6073,3.6272,3.6476,8,34.9527,34.0926,10.2945
3,6,3.6073,3.6272,3.6476,9,65.7733,63.6362,19.1864
3,6,3.6073,3.6272,3.6476,10,125.6439,122.1883,44.8503
3,6,3.682,3.6206,3.6001,6,5.5675,5.5009,4.9177
3,6,3.682,3.6206,3.6001,7,55.1391,55.5586,20.988
3,6,3.682,3.6206,3.6001,8,34.4653,34.6339,12.2985
3,6,3.682,3.6206,3.6001,9,64.6201,64.7377,34.1869
3,6,3.682,3.6206,3.6001,10,124.8971,124.0441,78.6853
3,6,3.6052,3.6166,3.7169,6,5.3688,5.5833,5.1146
3,6,3.6052,3.6166,3.7169,7,55.5392,55.0228,36.7104
3,6,3.6052,3.6166,3.7169,8,34.9214,34.1933,13.46
3,6,3.6052,3.6166,3.7169,9,65.3197,64.2739,17.0241
3,6,3.6052,3.6166,3.7169,10,125.3083,123.3006,31.6937
3,7,4.3762,4.3473,3.6892,6,70.777,70.9748,51.4301
3,7,4.3762,4.3473,3.6892,7,5.131,5.0281,3.7943
3,7,4.3762,4.3473,3.6892,8,25.7384,25.8545,63.4452
3,7,4.3762,4.3473,3.6892,9,71.5574,72.8405,140.3066
3,7,4.3762,4.3473,3.6892,10,120.2374,121.9604,239.8271
3,7,4.3291,4.3758,3.6858,6,71.133,70.7263,79.2816
3,7,4.3291,4.3758,3.6858,7,5.015,5.1093,3.4273
3,7,4.3291,4.3758,3.6858,8,25.6669,25.6082,59.7847
3,7,4.3291,4.3758,3.6858,9,71.5712,71.7736,164.9718
3,7,4.3291,4.3758,3.6858,10,120.1893,120.4998,237.4809
3,7,4.3527,4.3399,3.8248,6,71.9021,71.3351,99.3871
3,7,4.3527,4.3399,3.8248,7,5.0796,5.146,2.9828
3,7,4.3527,4.3399,3.8248,8,25.9227,25.4144,45.0743
3,7,4.3527,4.3399,3.8248,9,71.7867,70.9071,131.4112
3,7,4.3527,4.3399,3.8248,10,120.4608,119.472,141.0406
3,7,4.3893,4.377,3.7463,6,70.734,70.6469,79.1201
3,7,4.3893,4.377,3.7463,7,5.1647,5.0856,3.0372
3,7,4.3893,4.377,3.7463,8,25.7613,25.8662,17.6089
3,7,4.3893,4.377,3.7463,9,71.7896,71.5198,37.8628
3,7,4.3893,4.377,3.7463,10,120.6269,120.5155,64.1297
3,7,4.398,4.3621,3.3833,6,69.9035,71.2381,26.8648
3,7,4.398,4.3621,3.3833,7,5.0616,5.1075,2.5607
3,7,4.398,4.3621,3.3833,8,25.7487,25.2366,12.0949
3,7,4.398,4.3621,3.3833,9,71.8142,70.799,41.9358
3,7,4.398,4.3621,3.3833,10,120.8687,119.0046,89.0212
3,8,5.1576,5.164,3.5608,6,31.2626,31.8312,31.9446
3,8,5.1576,5.164,3.5608,7,10.2685,10.2194,3.5775
3,8,5.1576,5.164,3.5608,8,12.3374,11.9878,5.341
3,8,5.1576,5.164,3.5608,9,49.919,48.8019,20.6396
3,8,5.1576,5.164,3.5608,10,99.3652,97.9449,66.6884
3,8,5.1583,5.1714,3.6042,6,31.6024,31.3403,58.7829
3,8,5.1583,5.1714,3.6042,7,10.3867,10.1775,6.0851
3,8,5.1583,5.1714,3.6042,8,11.9888,12.3248,9.8259
3,8,5.1583,5.1714,3.6042,9,48.7901,49.8652,41.8163
3,8,5.1583,5.1714,3.6042,10,98.0733,99.6363,155.4701
3,8,5.1655,5.1712,3.5028,6,32.0236,31.4977,81.9557
3,8,5.1655,5.1712,3.5028,7,10.4301,10.1999,4.8699
3,8,5.1655,5.1712,3.5028,8,12.0152,12.2556,5.3428
3,8,5.1655,5.1712,3.5028,9,48.8334,49.9377,19.1655
3,8,5.1655,5.1712,3.5028,10,97.8036,99.5417,43.3226
3,8,5.1577,5.1859,3.4073,6,31.2743,31.232,7.0703
3,8,5.1577,5.1859,3.4073,7,10.5719,10.1892,2.8458
3,8,5.1577,5.1859,3.4073,8,12.0268,12.4048,3.7864
3,8,5.1577,5.1859,3.4073,9,48.6929,49.9264,9.3842
3,8,5.1577,5.1859,3.4073,10,97.8318,99.9283,20.0285
3,8,5.1588,5.1636,3.5613,6,32.0025,31.7203,53.9711
3,8,5.1588,5.1636,3.5613,7,10.3152,10.2185,5.8176
3,8,5.1588,5.1636,3.5613,8,12.1178,12.1095,5.7005
3,8,5.1588,5.1636,3.5613,9,49.2195,49.3409,25.2732
3,8,5.1588,5.1636,3.5613,10,98.329,98.4967,58.2209
3,9,5.7296,5.7973,3.296,6,77.5298,80.8865,49.32
3,9,5.7296,5.7973,3.296,7,72.278,74.4353,28.607
3,9,5.7296,5.7973,3.296,8,32.5306,33.3743,10.1123
3,9,5.7296,5.7973,3.296,9,7.2257,7.1156,3.0803
3,9,5.7296,5.7973,3.296,10,17.0983,15.8506,5.4528
3,9,5.7419,5.7172,3.359,6,78.9728,79.1389,17.0178
3,9,5.7419,5.7172,3.359,7,73.4341,72.9982,16.6654
3,9,5.7419,5.7172,3.359,8,32.8042,33.128,8.303
3,9,5.7419,5.7172,3.359,9,7.1109,7.089,3.0566
3,9,5.7419,5.7172,3.359,10,16.4521,16.6563,4.5488
3,9,5.7425,5.7326,3.3691,6,81.5374,82.319,36.0385
3,9,5.7425,5.7326,3.3691,7,74.38,74.9744,58.5323
3,9,5.7425,5.7326,3.3691,8,33.5068,34.246,22.3046
3,9,5.7425,5.7326,3.3691,9,7.1249,7.3741,3.2482
3,9,5.7425,5.7326,3.3691,10,15.9961,15.6721,4.954
3,9,5.7251,5.7932,3.3065,6,80.4518,81.2176,36.566
3,9,5.7251,5.7932,3.3065,7,72.8893,74.5211,39.0114
3,9,5.7251,5.7932,3.3065,8,33.4616,33.5787,13.873
3,9,5.7251,5.7932,3.3065,9,7.4698,7.1503,3.1524
3,9,5.7251,5.7932,3.3065,10,16.6945,15.6332,5.4037
3,9,5.7301,5.7364,3.3061,6,78.5178,80.5797,16.3925
3,9,5.7301,5.7364,3.3061,7,71.7794,73.5813,26.4432
3,9,5.7301,5.7364,3.3061,8,32.4131,33.5751,9.7989
3,9,5.7301,5.7364,3.3061,9,7.1439,7.2021,2.8859
3,9,5.7301,5.7364,3.3061,10,17.2099,16.1056,5.4327
3,10,4.276,4.3132,3.4763,6,161.639,158.8217,194.4366
3,10,4.276,4.3132,3.4763,7,113.7079,113.3537,269.4141
3,10,4.276,4.3132,3.4763,8,69.7313,68.698,101.0845
3,10,4.276,4.3132,3.4763,9,25.0999,24.3254,24.4742
3,10,4.276,4.3132,3.4763,10,7.4677,7.4276,5.6678
3,10,4.2816,4.305,3.4699,6,162.7592,162.0891,118.0505
3,10,4.2816,4.305,3.4699,7,113.7287,114.6669,72.4046
3,10,4.2816,4.305,3.4699,8,70.2781,69.787,45.3765
3,10,4.2816,4.305,3.4699,9,25.684,25.1541,16.4133
3,10,4.2816,4.305,3.4699,10,7.6343,7.4896,4.9853
3,10,4.2863,4.2582,3.4085,6,161.2007,164.8489,55.3127
3,10,4.2863,4.2582,3.4085,7,114.2994,114.5619,33.3962
3,10,4.2863,4.2582,3.4085,8,70.1436,71.7046,23.2701
3,10,4.2863,4.2582,3.4085,9,25.239,26.0782,8.3034
3,10,4.2863,4.2582,3.4085,10,7.5266,7.3456,5.0357
3,10,4.2596,4.3103,3.3518,6,163.7846,161.7394,51.7298
3,10,4.2596,4.3103,3.3518,7,112.7013,115.1815,20.9612
3,10,4.2596,4.3103,3.3518,8,70.7414,70.097,21.4412
3,10,4.2596,4.3103,3.3518,9,25.9357,25.2257,6.6713
3,10,4.2596,4.3103,3.3518,10,7.3633,7.5544,4.6093
3,10,4.2862,4.293,3.513,6,161.9564,162.0674,44.2574
3,10,4.2862,4.293,3.513,7,114.2139,114.4708,40.2655
3,10,4.2862,4.293,3.513,8,70.3101,69.9309,19.966
3,10,4.2862,4.293,3.513,9,25.4824,25.087,7.5709
3,10,4.2862,4.293,3.513,10,7.4319,7.4653,4.7359
4,6,3.6268,3.6277,3.6676,6,5.536,5.6249,5.1599
4,6,3.6268,3.6277,3.6676,7,55.3413,55.1683,29.349
4,6,3.6268,3.6277,3.6676,8,35.0344,33.8424,10.683
4,6,3.6268,3.6277,3.6676,9,64.9901,63.2371,8.6959
4,6,3.6268,3.6277,3.6676,10,125.0375,121.7037,29.1873
4,6,3.5891,3.6211,3.7196,6,5.5351,5.5519,4.94
4,6,3.5891,3.6211,3.7196,7,56.1054,54.9226,20.5949
4,6,3.5891,3.6211,3.7196,8,35.0978,34.1695,8.1554
4,6,3.5891,3.6211,3.7196,9,65.9523,64.267,23.5632
4,6,3.5891,3.6211,3.7196,10,125.1019,123.5783,50.5308
4,6,3.6328,3.6203,3.6216,6,5.4632,5.4351,5.4655
4,6,3.6328,3.6203,3.6216,7,55.5452,55.7515,34.2309
4,6,3.6328,3.6203,3.6216,8,34.9719,34.9282,8.9298
4,6,3.6328,3.6203,3.6216,9,65.0355,65.6466,5.0813
4,6,3.6328,3.6203,3.6216,10,125.2515,125.0055,15.0394
4,6,3.6015,3.6161,3.5947,6,5.4746,5.5503,5.2003
4,6,3.6015,3.6161,3.5947,7,55.2474,54.8236,32.2374
4,6,3.6015,3.6161,3.5947,8,34.7405,34.3303,7.8732
4,6,3.6015,3.6161,3.5947,9,65.9924,64.8547,5.7592
4,6,3.6015,3.6161,3.5947,10,125.877,124.0724,8.6534
4,6,3.5923,3.629,3.6442,6,5.4542,5.2745,5.3188
4,6,3.5923,3.629,3.6442,7,56.1752,55.6534,18.7046
4,6,3.5923,3.629,3.6442,8,35.0174,35.3303,17.1448
4,6,3.5923,3.629,3.6442,9,65.7131,66.4184,58.3848
4,6,3.5923,3.629,3.6442,10,125.1879,126.6769,80.3322
4,7,4.329,4.3284,3.5191,6,70.0516,71.7076,59.8725
4,7,4.329,4.3284,3.5191,7,4.8748,5.0221,3.2649
4,7,4.329,4.3284,3.5191,8,25.758,25.814,32.5152
4,7,4.329,4.3284,3.5191,9,72.2066,71.9807,67.933
4,7,4.329,4.3284,3.5191,10,121.3315,121.2298,96.9672
4,7,4.2835,4.313,3.5838,6,72.0057,71.1621,51.8744
4,7,4.2835,4.313,3.5838,7,5.2762,5.1381,2.2468
4,7,4.2835,4.313,3.5838,8,25.9327,25.5884,14.1197
4,7,4.2835,4.313,3.5838,9,71.6626,71.8115,31.0902
4,7,4.2835,4.313,3.5838,10,119.9284,120.8368,26.4026
4,7,4.2929,4.3401,3.3288,6,69.9632,70.9965,54.436
4,7,4.2929,4.3401,3.3288,7,4.9785,5.0988,3.2584
4,7,4.2929,4.3401,3.3288,8,25.4422,25.6538,9.3908
4,7,4.2929,4.3401,3.3288,9,72.1164,71.6903,25.0092
4,7,4.2929,4.3401,3.3288,10,121.4098,120.5042,38.9976
4,7,4.3338,4.3792,3.6334,6,72.0462,71.1571,87.8345
4,7,4.3338,4.3792,3.6334,7,5.0555,5.1609,2.4226
4,7,4.3338,4.3792,3.6334,8,26.1653,25.5192,25.3588
4,7,4.3338,4.3792,3.6334,9,72.366,71.1315,29.2252
4,7,4.3338,4.3792,3.6334,10,121.5032,119.7023,29.6665
4,7,4.3293,4.3365,3.7001,6,72.3706,71.6025,74.2083
4,7,4.3293,4.3365,3.7001,7,5.2668,5.1275,3.7068
4,7,4.3293,4.3365,3.7001,8,25.4602,25.5731,84.1895
4,7,4.3293,4.3365,3.7001,9,70.739,71.0249,204.5154
4,7,4.3293,4.3365,3.7001,10,119.0402,119.788,247.4604
4,8,5.1417,5.1683,3.5455,6,32.4225,31.9557,16.2536
4,8,5.1417,5.1683,3.5455,7,10.2035,10.2912,4.6777
4,8,5.1417,5.1683,3.5455,8,11.9568,12.0999,6.2202
4,8,5.1417,5.1683,3.5455,9,48.7062,49.104,25.022
4,8,5.1417,5.1683,3.5455,10,97.5133,98.3196,78.6385
4,8,5.1594,5.1685,3.6512,6,31.5517,31.8747,47.9415
4,8,5.1594,5.1685,3.6512,7,10.4331,10.3276,20.7611
4,8,5.1594,5.1685,3.6512,8,12.3968,11.9497,6.0393
4,8,5.1594,5.1685,3.6512,9,49.8228,48.8526,29.5245
4,8,5.1594,5.1685,3.6512,10,99.2778,97.6356,27.6735
4,8,5.1541,5.1622,3.6933,6,31.807,31.4525,44.3034
4,8,5.1541,5.1622,3.6933,7,10.423,10.1895,9.5193
4,8,5.1541,5.1622,3.6933,8,12.1317,12.2694,7.3856
4,8,5.1541,5.1622,3.6933,9,49.4656,50.0403,38.6136
4,8,5.1541,5.1622,3.6933,10,98.8948,99.4169,170.6394
4,8,5.134,5.1892,3.6176,6,31.4787,31.6336,35.4001
4,8,5.134,5.1892,3.6176,7,10.5312,10.2446,29.6569
4,8,5.134,5.1892,3.6176,8,12.1817,12.2434,5.545
4,8,5.134,5.1892,3.6176,9,49.6121,49.5032,33.1749
4,8,5.134,5.1892,3.6176,10,99.018,98.9117,30.8195
4,8,5.1327,5.1736,3.4684,6,32.1604,30.9706,116.304
4,8,5.1327,5.1736,3.4684,7,10.2313,10.097,24.4665
4,8,5.1327,5.1736,3.4684,8,12.1652,12.4881,6.8036
4,8,5.1327,5.1736,3.4684,9,49.2399,50.4947,30.6749
4,8,5.1327,5.1736,3.4684,10,98.1505,100.4023,86.237
4,9,5.7451,5.6728,3.3367,6,79.0633,82.9371,20.8192
4,9,5.7451,5.6728,3.3367,7,73.3832,74.2029,65.7514
4,9,5.7451,5.6728,3.3367,8,33.0849,34.5078,30.6293
4,9,5.7451,5.6728,3.3367,9,7.2248,7.2105,3.3309
4,9,5.7451,5.6728,3.3367,10,16.3762,15.6665,5.9278
4,9,5.623,5.7911,3.4565,6,81.4616,79.4802,53.6582
4,9,5.623,5.7911,3.4565,7,73.1277,73.8632,18.1676
4,9,5.623,5.7911,3.4565,8,34.0149,32.8934,9.0521
4,9,5.623,5.7911,3.4565,9,7.1477,7.1254,3.2576
4,9,5.623,5.7911,3.4565,10,16.2986,16.2965,8.4996
4,9,5.6138,5.713,3.225,6,81.5931,80.4676,37.4835
4,9,5.6138,5.713,3.225,7,72.8212,72.9498,31.3697
4,9,5.6138,5.713,3.225,8,33.954,33.3141,12.3509
4,9,5.6138,5.713,3.225,9,7.2074,7.132,2.9194
4,9,5.6138,5.713,3.225,10,16.5342,16.2233,4.9939
4,9,5.6658,5.7186,3.5364,6,79.906,80.5542,44.6798
4,9,5.6658,5.7186,3.5364,7,72.6339,72.0401,36.0242
4,9,5.6658,5.7186,3.5364,8,33.1211,33.3093,12.4908
4,9,5.6658,5.7186,3.5364,9,7.2211,7.2458,3.5362
4,9,5.6658,5.7186,3.5364,10,16.6801,16.6666,6.735
4,9,5.6106,5.7958,3.6946,6,83.7432,80.4412,12.3243
4,9,5.6106,5.7958,3.6946,7,73.5265,74.2745,82.7816
4,9,5.6106,5.7958,3.6946,8,34.8605,33.0646,24.4042
4,9,5.6106,5.7958,3.6946,9,7.2944,7.0529,3.5211
4,9,5.6106,5.7958,3.6946,10,16.4782,16.0287,4.6471
4,10,4.2549,4.2879,3.3847,6,164.7489,162.9168,118.6169
4,10,4.2549,4.2879,3.3847,7,113.0258,114.1204,152.1775
4,10,4.2549,4.2879,3.3847,8,71.854,70.2807,66.701
4,10,4.2549,4.2879,3.3847,9,26.1375,25.5261,17.6641
4,10,4.2549,4.2879,3.3847,10,7.386,7.4089,4.4392
4,10,4.2856,4.3158,3.5099,6,166.8065,159.8301,383.6689
4,10,4.2856,4.3158,3.5099,7,115.5245,113.5146,281.2844
4,10,4.2856,4.3158,3.5099,8,72.4633,68.7257,137.6086
4,10,4.2856,4.3158,3.5099,9,26.7909,24.5399,39.5301
4,10,4.2856,4.3158,3.5099,10,7.4929,7.4771,5.3297
4,10,4.2863,4.278,3.3684,6,160.451,163.066,79.1576
4,10,4.2863,4.278,3.3684,7,113.8177,114.1713,47.3313
4,10,4.2863,4.278,3.3684,8,69.7518,70.7543,22.3926
4,10,4.2863,4.278,3.3684,9,24.9953,25.8021,10.2984
4,10,4.2863,4.278,3.3684,10,7.414,7.3926,5.827
4,10,4.2469,4.3513,3.6118,6,165.2131,156.0563,84.7922
4,10,4.2469,4.3513,3.6118,7,114.3435,110.5572,90.8932
4,10,4.2469,4.3513,3.6118,8,71.9955,66.9032,45.0598
4,10,4.2469,4.3513,3.6118,9,26.2915,23.6469,7.5201
4,10,4.2469,4.3513,3.6118,10,7.4404,7.3335,10.204
4,10,4.2517,4.2588,3.8255,6,162.8934,165.8834,52.9322
4,10,4.2517,4.2588,3.8255,7,114.042,114.8388,64.1722
4,10,4.2517,4.2588,3.8255,8,70.5402,72.423,38.474
4,10,4.2517,4.2588,3.8255,9,25.4648,26.5487,8.6502
4,10,4.2517,4.2588,3.8255,10,7.3209,7.5062,19.4874
5,6,3.5635,3.5687,3.6312,6,5.6717,5.6891,6.7643
5,6,3.5635,3.5687,3.6312,7,55.6449,55.315,18.1707
5,6,3.5635,3.5687,3.6312,8,34.8373,34.6385,28.4009
5,6,3.5635,3.5687,3.6312,9,65.5668,65.0076,14.6857
5,6,3.5635,3.5687,3.6312,10,124.5933,124.0737,24.5415
5,6,3.5417,3.592,3.6558,6,5.5468,5.395,6.4525
5,6,3.5417,3.592,3.6558,7,55.6942,55.8441,40.6302
5,6,3.5417,3.592,3.6558,8,34.7403,35.5485,13.0596
5,6,3.5417,3.592,3.6558,9,65.1244,66.8075,29.2725
5,6,3.5417,3.592,3.6558,10,123.6724,126.7415,126.0044
5,6,3.5623,3.5819,3.7896,6,5.5859,5.6567,6.8051
5,6,3.5623,3.5819,3.7896,7,55.8436,55.8484,115.7471
5,6,3.5623,3.5819,3.7896,8,35.0812,34.959,31.2481
5,6,3.5623,3.5819,3.7896,9,65.6421,65.4711,50.2724
5,6,3.5623,3.5819,3.7896,10,124.996,123.8993,289.1754
5,6,3.5988,3.6027,3.5886,6,5.4791,5.4448,4.4845
5,6,3.5988,3.6027,3.5886,7,55.1878,56.1228,20.6421
5,6,3.5988,3.6027,3.5886,8,34.6362,35.908,21.4944
5,6,3.5988,3.6027,3.5886,9,65.4261,67.2965,54.5209
5,6,3.5988,3.6027,3.5886,10,123.9737,127.3579,85.4248
5,6,3.5738,3.5801,3.9975,6,5.4679,5.4163,8.0014
5,6,3.5738,3.5801,3.9975,7,56.2612,55.8557,75.8658
5,6,3.5738,3.5801,3.9975,8,35.7055,34.96,52.8686
5,6,3.5738,3.5801,3.9975,9,67.1107,65.8496,56.1633
5,6,3.5738,3.5801,3.9975,10,126.8274,125.0777,107.1335
5,7,4.2714,4.3069,3.8444,6,71.4536,71.0899,151.5317
5,7,4.2714,4.3069,3.8444,7,5.0488,5.0475,3.8479
5,7,4.2714,4.3069,3.8444,8,25.797,26.3401,58.9257
5,7,4.2714,4.3069,3.8444,9,71.8492,72.7968,199.9268
5,7,4.2714,4.3069,3.8444,10,121.0775,122.4037,357.0349
5,7,4.2742,4.2976,3.7915,6,72.1499,71.2391,264.1204
5,7,4.2742,4.2976,3.7915,7,5.3043,5.1385,3.3184
5,7,4.2742,4.2976,3.7915,8,25.8239,26.16,97.7147
5,7,4.2742,4.2976,3.7915,9,70.9777,72.5722,307.8271
5,7,4.2742,4.2976,3.7915,10,119.447,121.0974,317.8905
5,7,4.2657,4.2843,3.6111,6,72.12,71.7336,91.9367
5,7,4.2657,4.2843,3.6111,7,5.1591,5.2333,3.7532
5,7,4.2657,4.2843,3.6111,8,26.0218,26.0869,49.7971
5,7,4.2657,4.2843,3.6111,9,72.1125,71.9835,153.3303
5,7,4.2657,4.2843,3.6111,10,120.9283,120.3121,224.9689
5,7,4.2976,4.2632,3.6678,6,71.6518,71.8256,511.179
5,7,4.2976,4.2632,3.6678,7,5.1566,5.1715,3.9609
5,7,4.2976,4.2632,3.6678,8,25.9807,25.9257,154.1168
5,7,4.2976,4.2632,3.6678,9,72.1786,72.1922,244.8035
5,7,4.2976,4.2632,3.6678,10,121.3642,120.8693,284.8152
5,7,4.274,4.2782,3.8174,6,72.2867,72.0493,462.7329
5,7,4.274,4.2782,3.8174,7,5.1597,5.2976,3.8389
5,7,4.274,4.2782,3.8174,8,26.0978,26.505,145.8159
5,7,4.274,4.2782,3.8174,9,72.2551,73.6069,311.817
5,7,4.274,4.2782,3.8174,10,121.0261,122.2507,275.4477
5,8,5.0851,5.0388,4.2339,6,32.7948,32.213,620.623
5,8,5.0851,5.0388,4.2339,7,10.3356,10.5314,28.7819
5,8,5.0851,5.0388,4.2339,8,12.2146,12.144,6.8266
5,8,5.0851,5.0388,4.2339,9,48.7019,48.3492,52.0199
5,8,5.0851,5.0388,4.2339,10,98.2989,96.4971,263.5641
5,8,5.0246,4.9913,3.7769,6,32.8329,31.7361,192.1647
5,8,5.0246,4.9913,3.7769,7,10.412,10.3596,17.5243
5,8,5.0246,4.9913,3.7769,8,12.1426,12.2748,5.9202
5,8,5.0246,4.9913,3.7769,9,48.449,48.5331,33.0826
5,8,5.0246,4.9913,3.7769,10,97.2054,97.9827,45.1196
5,8,5.0034,5.0078,3.9924,6,32.2378,32.0323,21.1505
5,8,5.0034,5.0078,3.9924,7,10.509,10.5809,24.3801
5,8,5.0034,5.0078,3.9924,8,12.2615,12.2552,11.3096
5,8,5.0034,5.0078,3.9924,9,48.8484,48.2106,26.1859
5,8,5.0034,5.0078,3.9924,10,98.0552,96.8206,43.7928
5,8,5.0497,5.025,3.5369,6,32.9063,31.9044,37.1154
5,8,5.0497,5.025,3.5369,7,10.5716,10.4282,9.7837
5,8,5.0497,5.025,3.5369,8,12.375,12.2168,6.7456
5,8,5.0497,5.025,3.5369,9,48.9226,48.2637,77.0607
5,8,5.0497,5.025,3.5369,10,97.7418,97.3803,92.4749
5,8,5.032,5.0268,3.8941,6,32.4007,32.1133,30.6599
5,8,5.032,5.0268,3.8941,7,10.4327,10.7255,21.3895
5,8,5.032,5.0268,3.8941,8,11.8749,12.5026,13.4647
5,8,5.032,5.0268,3.8941,9,47.964,48.5122,202.6578
5,8,5.032,5.0268,3.8941,10,96.9164,96.9988,533.8092
5,9,5.5655,5.5274,3.5538,6,81.4224,81.4629,32.3806
5,9,5.5655,5.5274,3.5538,7,73.6095,72.7529,84.6792
5,9,5.5655,5.5274,3.5538,8,33.7481,32.9324,32.4932
5,9,5.5655,5.5274,3.5538,9,7.1939,7.0823,3.6638
5,9,5.5655,5.5274,3.5538,10,16.8241,17.0695,5.5638
5,9,5.5102,5.5438,3.9093,6,85.9986,86.163,19.9436
5,9,5.5102,5.5438,3.9093,7,74.0794,73.8367,44.4753
5,9,5.5102,5.5438,3.9093,8,34.6473,34.7594,11.312
5,9,5.5102,5.5438,3.9093,9,7.259,7.0977,4.3286
5,9,5.5102,5.5438,3.9093,10,16.1645,16.3404,7.8171
5,9,5.5583,5.534,3.7727,6,85.0687,84.1165,179.9423
5,9,5.5583,5.534,3.7727,7,74.0461,73.8282,72.6969
5,9,5.5583,5.534,3.7727,8,34.9999,34.2309,20.8768
5,9,5.5583,5.534,3.7727,9,7.3925,7.3283,4.8442
5,9,5.5583,5.534,3.7727,10,16.0835,16.8576,7.0651
5,9,5.5406,5.6007,3.5275,6,85.4224,85.5016,10.7326
5,9,5.5406,5.6007,3.5275,7,73.7224,75.1886,21.834
5,9,5.5406,5.6007,3.5275,8,34.202,34.6335,30.5359
5,9,5.5406,5.6007,3.5275,9,7.3037,7.1841,4.3228
5,9,5.5406,5.6007,3.5275,10,16.5489,15.972,5.1983
5,9,5.5455,5.5536,3.7979,6,83.7686,81.2005,85.1269
5,9,5.5455,5.5536,3.7979,7,73.449,74.0758,189.7229
5,9,5.5455,5.5536,3.7979,8,33.71,33.946,167.4868
5,9,5.5455,5.5536,3.7979,9,7.1937,7.1257,4.2763
5,9,5.5455,5.5536,3.7979,10,17.2503,16.4794,10.2049
5,10,4.252,4.2675,4.7602,6,176.4123,166.1749,663.6031
5,10,4.252,4.2675,4.7602,7,115.7591,112.1512,253.9739
5,10,4.252,4.2675,4.7602,8,74.6138,71.4611,249.7877
5,10,4.252,4.2675,4.7602,9,27.6309,26.5063,89.5029
5,10,4.252,4.2675,4.7602,10,7.4466,7.4074,16.6282
5,10,4.2609,4.2716,3.8781,6,170.9957,163.8477,440.3136
5,10,4.2609,4.2716,3.8781,7,114.9776,112.6392,30.1013
5,10,4.2609,4.2716,3.8781,8,73.8017,70.6015,92.6445
5,10,4.2609,4.2716,3.8781,9,27.3869,25.7351,37.5239
5,10,4.2609,4.2716,3.8781,10,7.5213,7.4262,8.2565
5,10,4.2305,4.2579,3.8531,6,171.7102,169.2093,89.6241
5,10,4.2305,4.2579,3.8531,7,113.7812,113.1405,97.5699
5,10,4.2305,4.2579,3.8531,8,72.3485,72.1939,59.1463
5,10,4.2305,4.2579,3.8531,9,26.3438,26.7006,28.8978
5,10,4.2305,4.2579,3.8531,10,7.4387,7.5275,8.6882
5,10,4.2464,4.2466,3.7895,6,172.68,165.8376,260.4549
5,10,4.2464,4.2466,3.7895,7,113.6319,113.5115,48.1174
5,10,4.2464,4.2466,3.7895,8,73.3885,71.8277,46.8883
5,10,4.2464,4.2466,3.7895,9,26.7271,26.5154,22.5301
5,10,4.2464,4.2466,3.7895,10,7.1418,7.3846,8.2231
5,10,4.2701,4.2488,3.5945,6,168.246,168.379,369.7323
5,10,4.2701,4.2488,3.5945,7,114.3431,113.369,209.3101
5,10,4.2701,4.2488,3.5945,8,72.0529,72.2032,136.5471
5,10,4.2701,4.2488,3.5945,9,26.737,26.0517,23.4231
5,10,4.2701,4.2488,3.5945,10,7.2857,7.4015,5.8836
