1,6,16.3809,16.4906,14.535,6,23.6854,24.9092,14.784
1,6,16.3809,16.4906,14.535,7,31.4648,35.1058,27.1296
1,6,16.3809,16.4906,14.535,8,19.6845,20.1137,19.9681
1,6,16.3809,16.4906,14.535,9,49.7319,45.9383,32.4067
1,6,16.3809,16.4906,14.535,10,39.7211,39.2527,31.2599
1,6,16.349,16.3327,12.7541,6,24.3737,26.0365,11.9348
1,6,16.349,16.3327,12.7541,7,32.447,33.8808,22.0458
1,6,16.349,16.3327,12.7541,8,19.7102,20.3616,14.2122
1,6,16.349,16.3327,12.7541,9,47.6661,45.5229,26.1086
1,6,16.349,16.3327,12.7541,10,37.4063,37.4364,24.6046
1,6,16.3985,16.3395,14.0434,6,23.9696,24.6517,16.0926
1,6,16.3985,16.3395,14.0434,7,32.6777,32.707,31.2638
1,6,16.3985,16.3395,14.0434,8,19.2036,19.6352,23.6663
1,6,16.3985,16.3395,14.0434,9,46.4602,45.7877,37.1361
1,6,16.3985,16.3395,14.0434,10,37.8522,38.6062,38.0209
1,6,16.3772,16.4251,11.119,6,24.2618,23.4114,10.6811
1,6,16.3772,16.4251,11.119,7,31.7815,31.1019,18.4011
1,6,16.3772,16.4251,11.119,8,19.4039,19.6805,11.2375
1,6,16.3772,16.4251,11.119,9,46.9781,45.2388,23.3037
1,6,16.3772,16.4251,11.119,10,37.8608,36.7377,22.8455
1,6,16.3886,16.3143,13.5891,6,25.2421,23.394,14.5976
1,6,16.3886,16.3143,13.5891,7,33.8036,32.4926,27.0265
1,6,16.3886,16.3143,13.5891,8,19.6685,19.5499,18.0174
1,6,16.3886,16.3143,13.5891,9,44.6486,49.317,31.9258
1,6,16.3886,16.3143,13.5891,10,37.6633,42.2427,30.9342
1,7,15.4639,15.9684,13.4718,6,22.543,18.0252,6.1165
1,7,15.4639,15.9684,13.4718,7,14.1997,14.308,10.8089
1,7,15.4639,15.9684,13.4718,8,15.7769,15.0522,6.093
1,7,15.4639,15.9684,13.4718,9,82.2247,62.7793,18.406
1,7,15.4639,15.9684,13.4718,10,49.561,41.9317,17.6501
1,7,15.4662,16.0103,13.3563,6,23.4946,18.6958,5.5065
1,7,15.4662,16.0103,13.3563,7,14.217,14.9994,10.8334
1,7,15.4662,16.0103,13.3563,8,15.0987,16.2835,6.193
1,7,15.4662,16.0103,13.3563,9,78.7306,75.9508,22.473
1,7,15.4662,16.0103,13.3563,10,47.134,47.9114,18.488
1,7,15.4266,16.0078,12.9407,6,20.8892,21.7586,5.4478
1,7,15.4266,16.0078,12.9407,7,14.6622,15.0266,10.5148
1,7,15.4266,16.0078,12.9407,8,15.3179,14.8865,6.0213
1,7,15.4266,16.0078,12.9407,9,79.256,72.3127,22.3263
1,7,15.4266,16.0078,12.9407,10,49.455,43.7277,19.4036
1,7,15.4005,15.9906,12.5469,6,21.6581,23.3527,5.3967
1,7,15.4005,15.9906,12.5469,7,14.5132,15.2159,10.4448
1,7,15.4005,15.9906,12.5469,8,14.9506,14.563,5.8097
1,7,15.4005,15.9906,12.5469,9,81.5935,75.4771,20.5596
1,7,15.4005,15.9906,12.5469,10,49.4731,46.473,16.6073
1,7,15.4995,15.9264,13.1222,6,23.7991,22.9669,5.7956
1,7,15.4995,15.9264,13.1222,7,15.0312,14.2556,10.836
1,7,15.4995,15.9264,13.1222,8,14.4713,15.34,6.3228
1,7,15.4995,15.9264,13.1222,9,83.3647,64.586,22.2351
1,7,15.4995,15.9264,13.1222,10,49.9784,42.1536,18.2619
1,8,14.2453,15.0523,8.3201,6,25.9356,21.8265,12.206
1,8,14.2453,15.0523,8.3201,7,26.1405,23.8998,18.6373
1,8,14.2453,15.0523,8.3201,8,12.9892,13.7789,8.2883
1,8,14.2453,15.0523,8.3201,9,33.4194,47.5763,20.0993
1,8,14.2453,15.0523,8.3201,10,39.4671,43.4661,18.8652
1,8,14.3682,14.4646,8.0483,6,21.1814,22.2151,11.905
1,8,14.3682,14.4646,8.0483,7,23.3659,27.1612,17.784
1,8,14.3682,14.4646,8.0483,8,12.9877,13.8021,8.0448
1,8,14.3682,14.4646,8.0483,9,33.0767,39.8577,20.4387
1,8,14.3682,14.4646,8.0483,10,40.3368,44.1581,19.1471
1,8,14.2518,15.1606,7.9434,6,26.0879,22.6315,11.0481
1,8,14.2518,15.1606,7.9434,7,27.063,24.3141,16.8676
1,8,14.2518,15.1606,7.9434,8,13.0861,13.5868,7.839
1,8,14.2518,15.1606,7.9434,9,32.8439,47.9874,19.6799
1,8,14.2518,15.1606,7.9434,10,39.3422,45.4185,17.3237
1,8,14.2786,14.4541,7.6441,6,26.9314,24.2476,11.8897
1,8,14.2786,14.4541,7.6441,7,27.8397,26.0977,17.5727
1,8,14.2786,14.4541,7.6441,8,13.244,13.8513,7.7459
1,8,14.2786,14.4541,7.6441,9,32.922,33.3954,18.4347
1,8,14.2786,14.4541,7.6441,10,38.5066,43.275,17.0295
1,8,14.3322,15.0861,8.002,6,22.7034,24.3951,12.0135
1,8,14.3322,15.0861,8.002,7,23.6863,24.5659,16.3968
1,8,14.3322,15.0861,8.002,8,13.1231,13.7062,7.8638
1,8,14.3322,15.0861,8.002,9,31.5918,44.0946,19.5225
1,8,14.3322,15.0861,8.002,10,40.9649,41.5694,19.9897
1,9,12.1084,12.8513,7.6671,6,41.5555,19.9106,15.8293
1,9,12.1084,12.8513,7.6671,7,33.0136,31.6545,25.3708
1,9,12.1084,12.8513,7.6671,8,27.675,26.6124,16.54
1,9,12.1084,12.8513,7.6671,9,23.5763,22.0404,15.9054
1,9,12.1084,12.8513,7.6671,10,14.6585,10.4517,6.5474
1,9,12.5572,12.4845,8.336,6,19.8866,31.4281,15.3021
1,9,12.5572,12.4845,8.336,7,28.3582,27.1042,25.0038
1,9,12.5572,12.4845,8.336,8,29.6693,26.7226,15.8336
1,9,12.5572,12.4845,8.336,9,22.2725,25.2784,18.0952
1,9,12.5572,12.4845,8.336,10,19.8279,22.5752,6.2952
1,9,12.0652,12.251,7.9209,6,31.7359,36.0586,13.3557
1,9,12.0652,12.251,7.9209,7,34.2414,33.7322,24.9674
1,9,12.0652,12.251,7.9209,8,28.534,26.0165,15.6594
1,9,12.0652,12.251,7.9209,9,22.5833,22.5686,17.0436
1,9,12.0652,12.251,7.9209,10,13.2351,11.0985,5.4383
1,9,12.839,12.8582,8.1771,6,38.2828,19.2376,14.1737
1,9,12.839,12.8582,8.1771,7,30.6414,31.3865,26.0718
1,9,12.839,12.8582,8.1771,8,27.9324,27.143,16.6489
1,9,12.839,12.8582,8.1771,9,24.0332,22.4935,17.7364
1,9,12.839,12.8582,8.1771,10,10.1534,9.6495,5.5983
1,9,12.45,12.5093,7.8928,6,20.286,25.5105,14.5717
1,9,12.45,12.5093,7.8928,7,30.1582,27.5201,25.6607
1,9,12.45,12.5093,7.8928,8,26.1211,28.1145,16.4433
1,9,12.45,12.5093,7.8928,9,22.879,25.5074,16.8595
1,9,12.45,12.5093,7.8928,10,19.9481,21.5635,5.782
1,10,13.0368,12.2977,13.9402,6,18.2232,24.9057,23.0733
1,10,13.0368,12.2977,13.9402,7,38.8458,36.2775,29.8448
1,10,13.0368,12.2977,13.9402,8,36.4124,40.6723,21.0679
1,10,13.0368,12.2977,13.9402,9,21.0351,20.6174,15.2824
1,10,13.0368,12.2977,13.9402,10,10.4145,11.6667,5.4501
1,10,12.9715,12.3111,14.1053,6,19.2269,28.3813,27.303
1,10,12.9715,12.3111,14.1053,7,37.3916,35.5941,32.3045
1,10,12.9715,12.3111,14.1053,8,39.1348,40.0151,22.1216
1,10,12.9715,12.3111,14.1053,9,21.2378,21.1898,16.0449
1,10,12.9715,12.3111,14.1053,10,11.6899,11.8232,5.9152
1,10,12.2932,13.0339,13.6261,6,25.6441,17.6244,21.1714
1,10,12.2932,13.0339,13.6261,7,36.8811,39.4127,27.5479
1,10,12.2932,13.0339,13.6261,8,40.8368,36.9361,20.4993
1,10,12.2932,13.0339,13.6261,9,21.6975,21.5846,14.8682
1,10,12.2932,13.0339,13.6261,10,11.8378,10.6244,5.5358
1,10,12.9207,12.336,13.3243,6,18.3678,24.671,25.8687
1,10,12.9207,12.336,13.3243,7,34.9729,35.2039,31.4097
1,10,12.9207,12.336,13.3243,8,40.025,40.0015,22.7135
1,10,12.9207,12.336,13.3243,9,21.2917,20.009,15.1909
1,10,12.9207,12.336,13.3243,10,11.8846,11.6721,5.5227
1,10,12.8563,12.3132,14.1423,6,20.8821,24.9341,23.9803
1,10,12.8563,12.3132,14.1423,7,39.5487,35.0951,28.9511
1,10,12.8563,12.3132,14.1423,8,39.1194,38.4681,20.3618
1,10,12.8563,12.3132,14.1423,9,21.1079,20.716,16.0864
1,10,12.8563,12.3132,14.1423,10,10.5383,11.5569,5.8303
2,6,15.9776,16.3944,12.4329,6,20.2406,23.1117,15.5392
2,6,15.9776,16.3944,12.4329,7,30.3243,32.4756,28.459
2,6,15.9776,16.3944,12.4329,8,20.1266,19.4799,15.8358
2,6,15.9776,16.3944,12.4329,9,51.8877,45.6847,24.7076
2,6,15.9776,16.3944,12.4329,10,38.0701,38.4863,18.0676
2,6,15.9559,16.4035,12.9696,6,21.1256,22.9234,22.2517
2,6,15.9559,16.4035,12.9696,7,31.7553,32.4654,38.3036
2,6,15.9559,16.4035,12.9696,8,20.3191,19.1013,21.2227
2,6,15.9559,16.4035,12.9696,9,50.6242,42.6536,33.7769
2,6,15.9559,16.4035,12.9696,10,37.0087,37.1319,27.331
2,6,16.0161,16.155,12.0672,6,20.0409,18.8626,15.2808
2,6,16.0161,16.155,12.0672,7,32.427,29.9851,26.0636
2,6,16.0161,16.155,12.0672,8,20.7343,20.1205,18.4879
2,6,16.0161,16.155,12.0672,9,49.2916,37.2857,28.6898
2,6,16.0161,16.155,12.0672,10,34.9632,40.7659,21.5603
2,6,16.3472,16.0039,14.4202,6,24.7621,19.6988,19.9393
2,6,16.3472,16.0039,14.4202,7,34.0618,31.2503,38.9465
2,6,16.3472,16.0039,14.4202,8,19.575,21.1348,23.3361
2,6,16.3472,16.0039,14.4202,9,42.7415,45.1677,36.9008
2,6,16.3472,16.0039,14.4202,10,39.0078,36.0094,39.8356
2,6,15.9065,16.0856,13.2845,6,20.6179,19.0203,14.4105
2,6,15.9065,16.0856,13.2845,7,32.0861,28.3089,33.0472
2,6,15.9065,16.0856,13.2845,8,20.7583,20.8992,12.1638
2,6,15.9065,16.0856,13.2845,9,49.7435,48.6272,33.7805
2,6,15.9065,16.0856,13.2845,10,35.8969,38.2759,25.5923
2,7,14.9684,15.1274,12.5921,6,25.365,21.191,5.2811
2,7,14.9684,15.1274,12.5921,7,14.8984,14.4859,10.1352
2,7,14.9684,15.1274,12.5921,8,14.1595,15.0185,5.5948
2,7,14.9684,15.1274,12.5921,9,49.631,95.3519,21.1924
2,7,14.9684,15.1274,12.5921,10,39.9751,52.6207,17.315
2,7,15.0386,15.2284,12.8655,6,27.4862,21.0353,5.8455
2,7,15.0386,15.2284,12.8655,7,14.0125,14.8468,10.5897
2,7,15.0386,15.2284,12.8655,8,14.7772,15.3278,5.6441
2,7,15.0386,15.2284,12.8655,9,76.047,48.7678,19.8278
2,7,15.0386,15.2284,12.8655,10,46.867,42.0595,17.8883
2,7,14.9392,15.1827,13.3208,6,27.2482,31.1349,6.917
2,7,14.9392,15.1827,13.3208,7,14.3832,14.5218,10.6065
2,7,14.9392,15.1827,13.3208,8,14.7249,15.3922,5.6617
2,7,14.9392,15.1827,13.3208,9,77.9084,73.9873,17.4575
2,7,14.9392,15.1827,13.3208,10,44.6018,42.8935,18.8898
2,7,14.9903,15.2279,12.8579,6,29.4551,18.8813,5.8131
2,7,14.9903,15.2279,12.8579,7,14.1708,14.81,10.3742
2,7,14.9903,15.2279,12.8579,8,14.0072,14.9991,6.0168
2,7,14.9903,15.2279,12.8579,9,64.7038,47.1905,20.3095
2,7,14.9903,15.2279,12.8579,10,40.0096,39.7567,17.3346
2,7,14.9088,15.2112,12.7161,6,25.4508,22.8363,5.7774
2,7,14.9088,15.2112,12.7161,7,14.2393,14.5125,10.318
2,7,14.9088,15.2112,12.7161,8,14.4097,14.7905,5.4388
2,7,14.9088,15.2112,12.7161,9,51.5752,83.0206,17.4788
2,7,14.9088,15.2112,12.7161,10,42.6461,46.6168,15.7963
2,8,13.8682,13.9504,7.8911,6,28.261,25.7879,12.6694
2,8,13.8682,13.9504,7.8911,7,24.6971,25.3133,19.8979
2,8,13.8682,13.9504,7.8911,8,12.5988,13.1663,8.3754
2,8,13.8682,13.9504,7.8911,9,31.3131,38.5982,20.3236
2,8,13.8682,13.9504,7.8911,10,36.9887,39.0146,19.1256
2,8,13.819,14.0403,8.1788,6,27.509,29.5781,11.1764
2,8,13.819,14.0403,8.1788,7,30.5957,25.1048,17.7178
2,8,13.819,14.0403,8.1788,8,13.1825,13.0985,8.4456
2,8,13.819,14.0403,8.1788,9,32.3719,33.2926,19.2711
2,8,13.819,14.0403,8.1788,10,38.6132,38.4652,21.0366
2,8,13.5483,14.0483,7.8291,6,28.8366,28.1671,11.0943
2,8,13.5483,14.0483,7.8291,7,32.1871,24.9745,17.1851
2,8,13.5483,14.0483,7.8291,8,13.4381,13.1966,7.9117
2,8,13.5483,14.0483,7.8291,9,43.6992,33.6881,15.3103
2,8,13.5483,14.0483,7.8291,10,47.2067,37.4832,14.9392
2,8,13.8154,14.0119,8.1281,6,31.9306,28.228,13.2371
2,8,13.8154,14.0119,8.1281,7,27.5606,26.0426,19.4973
2,8,13.8154,14.0119,8.1281,8,12.6753,12.4795,8.276
2,8,13.8154,14.0119,8.1281,9,33.0063,38.0718,16.8087
2,8,13.8154,14.0119,8.1281,10,39.9094,38.0994,14.7067
2,8,14.0549,13.9679,7.3907,6,26.615,25.2623,12.5393
2,8,14.0549,13.9679,7.3907,7,23.916,25.515,19.6149
2,8,14.0549,13.9679,7.3907,8,13.1821,12.8354,7.871
2,8,14.0549,13.9679,7.3907,9,32.7329,38.3008,14.6404
2,8,14.0549,13.9679,7.3907,10,38.1357,38.3012,14.0856
2,9,11.6622,11.6327,8.0958,6,16.7281,20.6126,21.6731
2,9,11.6622,11.6327,8.0958,7,33.9107,35.0069,27.682
2,9,11.6622,11.6327,8.0958,8,29.0254,26.8551,14.9899
2,9,11.6622,11.6327,8.0958,9,21.8027,23.0137,19.2707
2,9,11.6622,11.6327,8.0958,10,16.954,15.4731,6.151
2,9,11.6772,11.6587,7.622,6,16.129,16.7852,23.8302
2,9,11.6772,11.6587,7.622,7,35.6187,33.0196,27.7646
2,9,11.6772,11.6587,7.622,8,28.7831,27.1365,14.8267
2,9,11.6772,11.6587,7.622,9,22.6115,23.0442,17.338
2,9,11.6772,11.6587,7.622,10,17.696,14.8844,6.0198
2,9,11.6758,11.8527,7.7683,6,17.6063,20.0778,14.4771
2,9,11.6758,11.8527,7.7683,7,36.3666,33.4319,25.2232
2,9,11.6758,11.8527,7.7683,8,28.2283,27.4876,14.1884
2,9,11.6758,11.8527,7.7683,9,21.4138,22.599,17.6961
2,9,11.6758,11.8527,7.7683,10,15.0087,12.5685,5.5677
2,9,11.6638,11.6676,7.7503,6,43.4146,15.8662,19.7031
2,9,11.6638,11.6676,7.7503,7,29.922,32.6175,28.0356
2,9,11.6638,11.6676,7.7503,8,27.0271,26.6217,14.8672
2,9,11.6638,11.6676,7.7503,9,26.1293,21.2714,17.843
2,9,11.6638,11.6676,7.7503,10,18.8502,16.9242,6.0534
2,9,11.6919,11.8397,8.2391,6,18.0567,23.9292,12.3991
2,9,11.6919,11.8397,8.2391,7,36.4149,33.5367,22.5901
2,9,11.6919,11.8397,8.2391,8,28.5436,28.3801,16.4396
2,9,11.6919,11.8397,8.2391,9,22.0717,23.3719,20.1156
2,9,11.6919,11.8397,8.2391,10,16.9871,13.701,6.9032
2,10,12.2949,12.128,13.1457,6,20.5755,22.117,25.209
2,10,12.2949,12.128,13.1457,7,37.7977,36.9623,28.5464
2,10,12.2949,12.128,13.1457,8,38.931,37.3223,16.0216
2,10,12.2949,12.128,13.1457,9,20.5514,21.3919,15.321
2,10,12.2949,12.128,13.1457,10,11.243,11.4129,5.1884
2,10,12.5427,12.1215,13.5742,6,23.2191,19.3742,23.1374
2,10,12.5427,12.1215,13.5742,7,39.0717,35.9188,27.8065
2,10,12.5427,12.1215,13.5742,8,41.2168,36.5213,17.9711
2,10,12.5427,12.1215,13.5742,9,20.5943,20.4741,14.9473
2,10,12.5427,12.1215,13.5742,10,11.4715,11.8359,5.4787
2,10,12.275,12.1575,14.8742,6,20.3938,25.728,22.8736
2,10,12.275,12.1575,14.8742,7,38.3815,37.2709,24.8889
2,10,12.275,12.1575,14.8742,8,38.6613,36.912,15.4322
2,10,12.275,12.1575,14.8742,9,21.6311,22.9906,19.8382
2,10,12.275,12.1575,14.8742,10,11.8128,11.5525,5.7256
2,10,12.9772,12.2797,12.8541,6,19.5542,22.9875,23.5861
2,10,12.9772,12.2797,12.8541,7,37.1878,37.4686,27.2749
2,10,12.9772,12.2797,12.8541,8,39.7461,41.2675,17.02
2,10,12.9772,12.2797,12.8541,9,22.4408,20.4973,14.6353
2,10,12.9772,12.2797,12.8541,10,10.925,11.3068,5.0868
2,10,12.4825,12.2845,14.0951,6,19.3785,24.866,19.7892
2,10,12.4825,12.2845,14.0951,7,39.402,36.5033,26.2776
2,10,12.4825,12.2845,14.0951,8,37.9738,38.768,16.254
2,10,12.4825,12.2845,14.0951,9,21.1438,20.3407,15.8005
2,10,12.4825,12.2845,14.0951,10,11.5467,12.2384,5.7063
3,6,16.0579,15.7746,13.7843,6,21.8984,18.5711,26.3559
3,6,16.0579,15.7746,13.7843,7,32.371,30.72,46.3749
3,6,16.0579,15.7746,13.7843,8,20.3268,21.5708,20.7371
3,6,16.0579,15.7746,13.7843,9,45.5272,47.9581,55.6074
3,6,16.0579,15.7746,13.7843,10,34.962,36.2826,36.9099
3,6,15.9983,16.0345,14.7422,6,19.8565,21.5818,25.3298
3,6,15.9983,16.0345,14.7422,7,30.6678,33.873,30.8723
3,6,15.9983,16.0345,14.7422,8,20.1956,21.0899,10.358
3,6,15.9983,16.0345,14.7422,9,46.2624,42.044,35.644
3,6,15.9983,16.0345,14.7422,10,36.1302,36.9826,57.6987
3,6,15.9045,15.8894,13.9813,6,20.7178,18.5058,17.4518
3,6,15.9045,15.8894,13.9813,7,31.8791,31.0676,30.2543
3,6,15.9045,15.8894,13.9813,8,20.8752,20.7747,17.3555
3,6,15.9045,15.8894,13.9813,9,47.6745,41.0145,49.4607
3,6,15.9045,15.8894,13.9813,10,34.9703,35.8761,45.3696
3,6,15.8493,15.7734,13.5419,6,18.1471,19.3522,17.7056
3,6,15.8493,15.7734,13.5419,7,35.0702,32.0216,26.8149
3,6,15.8493,15.7734,13.5419,8,21.8826,21.9678,13.4199
3,6,15.8493,15.7734,13.5419,9,43.409,48.4387,25.336
3,6,15.8493,15.7734,13.5419,10,36.1002,36.3362,20.8097
3,6,15.99,15.9026,15.0402,6,21.3407,19.7976,28.7223
3,6,15.99,15.9026,15.0402,7,30.6891,30.7248,46.827
3,6,15.99,15.9026,15.0402,8,20.5286,21.1455,37.1169
3,6,15.99,15.9026,15.0402,9,50.654,41.8903,56.2258
3,6,15.99,15.9026,15.0402,10,35.7195,36.631,38.5331
3,7,14.6174,14.7693,14.1991,6,34.2364,32.0725,6.5694
3,7,14.6174,14.7693,14.1991,7,14.2859,14.0944,12.6062
3,7,14.6174,14.7693,14.1991,8,14.1946,15.015,5.7325
3,7,14.6174,14.7693,14.1991,9,71.2739,85.5204,13.7124
3,7,14.6174,14.7693,14.1991,10,43.5029,45.9941,14.5864
3,7,14.6338,14.7326,13.3833,6,25.9255,25.3785,8.5688
3,7,14.6338,14.7326,13.3833,7,15.007,14.497,11.1749
3,7,14.6338,14.7326,13.3833,8,15.0794,14.076,5.5198
3,7,14.6338,14.7326,13.3833,9,87.1181,69.6483,13.8992
3,7,14.6338,14.7326,13.3833,10,46.8829,42.2269,9.7777
3,7,14.5406,14.889,15.0107,6,30.543,28.0449,10.1227
3,7,14.5406,14.889,15.0107,7,14.2198,14.3409,12.6518
3,7,14.5406,14.889,15.0107,8,15.0871,13.4836,5.8977
3,7,14.5406,14.889,15.0107,9,68.2801,122.995,12.3392
3,7,14.5406,14.889,15.0107,10,44.3378,55.5375,6.725
3,7,14.9864,14.8367,13.1851,6,24.4728,30.4765,7.8926
3,7,14.9864,14.8367,13.1851,7,14.2666,14.7652,10.9054
3,7,14.9864,14.8367,13.1851,8,14.0942,13.6696,4.8828
3,7,14.9864,14.8367,13.1851,9,50.3881,84.1305,26.3416
3,7,14.9864,14.8367,13.1851,10,41.0658,42.3704,10.0099
3,7,14.9162,14.6596,13.4064,6,23.5344,29.6138,7.6954
3,7,14.9162,14.6596,13.4064,7,13.9833,14.5728,11.0088
3,7,14.9162,14.6596,13.4064,8,14.6773,14.6356,5.3854
3,7,14.9162,14.6596,13.4064,9,49.5768,88.9362,9.2691
3,7,14.9162,14.6596,13.4064,10,40.9974,46.9977,8.3305
3,8,13.7949,13.6955,7.8315,6,28.0455,36.6158,11.0063
3,8,13.7949,13.6955,7.8315,7,25.3024,30.4556,17.468
3,8,13.7949,13.6955,7.8315,8,13.3171,13.4288,8.7802
3,8,13.7949,13.6955,7.8315,9,34.9904,34.1109,15.7035
3,8,13.7949,13.6955,7.8315,10,36.7393,39.2729,21.0754
3,8,13.2246,13.5867,8.2442,6,32.6676,27.4217,13.1929
3,8,13.2246,13.5867,8.2442,7,27.2014,28.0563,21.3224
3,8,13.2246,13.5867,8.2442,8,13.1907,13.4732,8.6583
3,8,13.2246,13.5867,8.2442,9,61.2457,35.6065,17.2407
3,8,13.2246,13.5867,8.2442,10,39.4373,40.775,18.9447
3,8,13.2024,13.4088,8.1254,6,34.4762,28.0448,15.7577
3,8,13.2024,13.4088,8.1254,7,29.1826,27.2914,23.2704
3,8,13.2024,13.4088,8.1254,8,13.2481,13.2101,8.1164
3,8,13.2024,13.4088,8.1254,9,55.8905,36.3818,18.932
3,8,13.2024,13.4088,8.1254,10,40.0411,42.4653,20.1727
3,8,13.5304,13.2933,8.7657,6,28.9933,29.6558,11.3237
3,8,13.5304,13.2933,8.7657,7,26.6641,27.7884,22.4566
3,8,13.5304,13.2933,8.7657,8,13.2516,13.1111,9.6903
3,8,13.5304,13.2933,8.7657,9,35.7362,50.3316,16.2784
3,8,13.5304,13.2933,8.7657,10,42.0751,42.1613,16.0627
3,8,13.6176,13.5947,8.0434,6,29.6876,30.2946,15.8564
3,8,13.6176,13.5947,8.0434,7,27.0486,30.3972,22.3963
3,8,13.6176,13.5947,8.0434,8,12.844,14.0112,8.429
3,8,13.6176,13.5947,8.0434,9,36.3048,45.6914,19.4995
3,8,13.6176,13.5947,8.0434,10,40.88,36.911,17.8563
3,9,11.6675,11.341,8.5529,6,32.0978,28.4632,11.5741
3,9,11.6675,11.341,8.5529,7,32.8569,41.9228,22.6278
3,9,11.6675,11.341,8.5529,8,28.9015,38.427,19.0608
3,9,11.6675,11.341,8.5529,9,22.3826,24.3211,17.6646
3,9,11.6675,11.341,8.5529,10,18.5813,15.5791,6.9275
3,9,11.5483,11.489,8.8108,6,29.2422,18.2115,12.144
3,9,11.5483,11.489,8.8108,7,33.9775,31.8009,20.7223
3,9,11.5483,11.489,8.8108,8,27.1573,28.3179,15.6256
3,9,11.5483,11.489,8.8108,9,23.0642,22.4911,19.6953
3,9,11.5483,11.489,8.8108,10,18.1021,16.3778,5.1419
3,9,11.6128,11.311,8.3168,6,15.9991,20.7794,10.427
3,9,11.6128,11.311,8.3168,7,31.3429,33.2757,17.4738
3,9,11.6128,11.311,8.3168,8,27.2477,28.3697,15.5557
3,9,11.6128,11.311,8.3168,9,22.8213,24.2384,16.445
3,9,11.6128,11.311,8.3168,10,18.1957,18.4381,6.184
3,9,11.5061,11.4614,9.8014,6,15.1134,17.2956,18.8129
3,9,11.5061,11.4614,9.8014,7,33.2206,31.9369,51.8581
3,9,11.5061,11.4614,9.8014,8,27.935,28.7298,32.6508
3,9,11.5061,11.4614,9.8014,9,22.6582,22.8599,27.9002
3,9,11.5061,11.4614,9.8014,10,16.4594,20.6675,6.3867
3,9,11.5281,11.4025,8.8371,6,19.5341,21.9866,25.2054
3,9,11.5281,11.4025,8.8371,7,32.867,39.3542,47.7419
3,9,11.5281,11.4025,8.8371,8,27.8099,30.6146,31.0058
3,9,11.5281,11.4025,8.8371,9,23.4149,22.6476,19.5419
3,9,11.5281,11.4025,8.8371,10,18.1544,15.9353,6.6137
3,10,11.9979,11.7797,13.9538,6,20.846,19.1082,11.02
3,10,11.9979,11.7797,13.9538,7,40.8895,37.7839,14.3964
3,10,11.9979,11.7797,13.9538,8,35.5156,35.8373,8.944
3,10,11.9979,11.7797,13.9538,9,20.8221,20.2542,19.3225
3,10,11.9979,11.7797,13.9538,10,11.0709,11.653,7.3947
3,10,12.3294,12,14.8945,6,18.111,19.2364,30.4178
3,10,12.3294,12,14.8945,7,41.2202,36.9,34.5142
3,10,12.3294,12,14.8945,8,40.0122,46.9442,19.4163
3,10,12.3294,12,14.8945,9,20.3891,21.317,17.2156
3,10,12.3294,12,14.8945,10,11.8516,11.1856,5.8024
3,10,12.1217,12.0811,13.7511,6,21.2279,21.7438,23.9952
3,10,12.1217,12.0811,13.7511,7,39.1638,37.2338,30.2334
3,10,12.1217,12.0811,13.7511,8,35.6995,37.334,16.8801
3,10,12.1217,12.0811,13.7511,9,20.1642,21.8451,23.8954
3,10,12.1217,12.0811,13.7511,10,11.0698,10.4265,8.4866
3,10,12.1381,12.0071,14.2428,6,19.4585,19.0175,27.7692
3,10,12.1381,12.0071,14.2428,7,37.4402,38.03,31.5676
3,10,12.1381,12.0071,14.2428,8,36.7812,38.5353,22.1656
3,10,12.1381,12.0071,14.2428,9,21.2383,20.4248,18.0016
3,10,12.1381,12.0071,14.2428,10,11.5351,11.6074,5.1275
3,10,12.2987,12.0575,13.7928,6,19.4132,18.3131,16.5208
3,10,12.2987,12.0575,13.7928,7,37.2402,36.9816,22.2549
3,10,12.2987,12.0575,13.7928,8,37.6968,36.3211,13.1127
3,10,12.2987,12.0575,13.7928,9,21.3291,20.2729,14.4248
3,10,12.2987,12.0575,13.7928,10,11.6796,10.9849,4.2525
4,6,15.889,15.6935,15.3389,6,21.0592,18.6385,43.3895
4,6,15.889,15.6935,15.3389,7,31.5807,31.5244,38.6727
4,6,15.889,15.6935,15.3389,8,21.2489,22.4423,17.2054
4,6,15.889,15.6935,15.3389,9,48.812,42.2056,65.3093
4,6,15.889,15.6935,15.3389,10,35.5459,35.2357,39.8299
4,6,15.9569,15.8674,16.6149,6,20.2811,19.0469,16.7431
4,6,15.9569,15.8674,16.6149,7,30.5865,34.5575,29.507
4,6,15.9569,15.8674,16.6149,8,21.218,21.7795,21.462
4,6,15.9569,15.8674,16.6149,9,52.2362,44.4215,59.6556
4,6,15.9569,15.8674,16.6149,10,36.9774,36.5554,43.5723
4,6,15.954,15.8423,18.2242,6,20.3649,19.5692,33.5352
4,6,15.954,15.8423,18.2242,7,30.3705,30.4705,47.3731
4,6,15.954,15.8423,18.2242,8,20.2656,20.5665,35.8512
4,6,15.954,15.8423,18.2242,9,45.1828,45.2332,203.5463
4,6,15.954,15.8423,18.2242,10,35.8944,36.685,248.0843
4,6,16.3399,15.7241,16.4121,6,24.3489,19.384,71.6394
4,6,16.3399,15.7241,16.4121,7,33.5005,32.9098,47.1875
4,6,16.3399,15.7241,16.4121,8,19.8724,21.5301,11.5813
4,6,16.3399,15.7241,16.4121,9,40.684,39.8371,71.8531
4,6,16.3399,15.7241,16.4121,10,37.1506,36.3804,82.8428
4,6,15.9056,15.8571,17.7562,6,20.1469,19.8288,33.7427
4,6,15.9056,15.8571,17.7562,7,32.6439,34.0723,54.7631
4,6,15.9056,15.8571,17.7562,8,21.0787,20.8895,28.8914
4,6,15.9056,15.8571,17.7562,9,47.3902,43.1117,77.8585
4,6,15.9056,15.8571,17.7562,10,35.1525,36.4063,55.9211
4,7,14.7854,14.5566,15.3634,6,31.4432,34.2935,13.0018
4,7,14.7854,14.5566,15.3634,7,13.678,15.4782,14.0642
4,7,14.7854,14.5566,15.3634,8,14.8927,13.9706,7.0566
4,7,14.7854,14.5566,15.3634,9,74.2651,114.9195,79.0655
4,7,14.7854,14.5566,15.3634,10,42.8467,52.1307,8.7102
4,7,14.5935,14.7191,13.8216,6,30.6581,33.0893,7.4289
4,7,14.5935,14.7191,13.8216,7,14.2283,13.8884,11.5816
4,7,14.5935,14.7191,13.8216,8,15.6913,15.7195,5.9762
4,7,14.5935,14.7191,13.8216,9,86.3833,90.3118,12.9561
4,7,14.5935,14.7191,13.8216,10,50.0259,48.0004,13.5025
4,7,14.9873,14.5714,15.4854,6,20.7954,40.4724,11.1095
4,7,14.9873,14.5714,15.4854,7,15.2211,14.2565,13.0878
4,7,14.9873,14.5714,15.4854,8,14.8208,14.4646,8.2062
4,7,14.9873,14.5714,15.4854,9,57.2416,81.28,29.1226
4,7,14.9873,14.5714,15.4854,10,41.8073,47.2551,8.2264
4,7,14.4959,14.6413,14.8777,6,34.8382,32.8311,15.1824
4,7,14.4959,14.6413,14.8777,7,14.7891,14.5859,13.8609
4,7,14.4959,14.6413,14.8777,8,15.8303,14.0111,7.8641
4,7,14.4959,14.6413,14.8777,9,71.8875,74.6881,49.1417
4,7,14.4959,14.6413,14.8777,10,46.6416,47.2284,17.3546
4,7,14.5442,14.6981,14.2249,6,32.7969,33.3364,13.013
4,7,14.5442,14.6981,14.2249,7,14.9872,14.4952,15.1922
4,7,14.5442,14.6981,14.2249,8,14.536,15.0261,6.3779
4,7,14.5442,14.6981,14.2249,9,65.2002,85.7025,30.5701
4,7,14.5442,14.6981,14.2249,10,44.3912,47.6226,17.6884
4,8,13.3079,13.1596,9.1066,6,38.3002,29.4199,13.4439
4,8,13.3079,13.1596,9.1066,7,33.4483,27.4132,20.7439
4,8,13.3079,13.1596,9.1066,8,13.1953,12.8659,10.275
4,8,13.3079,13.1596,9.1066,9,55.5837,48.3933,19.2743
4,8,13.3079,13.1596,9.1066,10,43.0658,40.2121,17.5313
4,8,13.311,13.3065,8.8974,6,34.6967,38.045,10.1755
4,8,13.311,13.3065,8.8974,7,28.4679,28.4235,22.2718
4,8,13.311,13.3065,8.8974,8,13.0332,12.7965,10.2818
4,8,13.311,13.3065,8.8974,9,52.9415,45.6654,13.309
4,8,13.311,13.3065,8.8974,10,41.5471,40.8522,12.8394
4,8,13.505,13.1893,9.7303,6,31.841,30.8899,12.1064
4,8,13.505,13.1893,9.7303,7,27.0275,28.6896,17.7891
4,8,13.505,13.1893,9.7303,8,13.134,13.5223,10.5199
4,8,13.505,13.1893,9.7303,9,36.2586,65.6694,20.291
4,8,13.505,13.1893,9.7303,10,40.1437,37.2293,13.2035
4,8,13.564,13.1089,9.5133,6,31.971,29.9622,10.6923
4,8,13.564,13.1089,9.5133,7,26.1354,30.3695,14.6225
4,8,13.564,13.1089,9.5133,8,12.6107,13.5751,11.0538
4,8,13.564,13.1089,9.5133,9,34.0683,54.3518,25.5084
4,8,13.564,13.1089,9.5133,10,38.2096,40.1362,46.4824
4,8,13.5108,12.9401,9.3911,6,34.3401,33.6519,16.3663
4,8,13.5108,12.9401,9.3911,7,27.8204,27.8689,23.4278
4,8,13.5108,12.9401,9.3911,8,13.0974,14.7713,11.1049
4,8,13.5108,12.9401,9.3911,9,34.0581,31.5428,22.8081
4,8,13.5108,12.9401,9.3911,10,37.5756,42.5961,12.5916
4,9,11.6517,11.1542,8.5039,6,17.5814,19.8082,42.4379
4,9,11.6517,11.1542,8.5039,7,31.9535,31.6496,25.0225
4,9,11.6517,11.1542,8.5039,8,27.9725,36.9694,20.1668
4,9,11.6517,11.1542,8.5039,9,20.7807,24.4845,17.4198
4,9,11.6517,11.1542,8.5039,10,15.5796,17.4716,3.9945
4,9,11.5702,11.1508,8.9467,6,16.529,23.3509,16.4126
4,9,11.5702,11.1508,8.9467,7,31.4364,32.7267,33.8139
4,9,11.5702,11.1508,8.9467,8,27.8028,31.6269,25.1137
4,9,11.5702,11.1508,8.9467,9,22.3566,27.2325,18.881
4,9,11.5702,11.1508,8.9467,10,18.2521,17.2297,5.0011
4,9,11.5895,11.122,8.7614,6,18.8407,19.7651,22.087
4,9,11.5895,11.122,8.7614,7,33.452,32.8997,37.6598
4,9,11.5895,11.122,8.7614,8,28.0297,31.1568,27.8754
4,9,11.5895,11.122,8.7614,9,21.5453,26.033,19.5459
4,9,11.5895,11.122,8.7614,10,17.6697,17.175,4.8862
4,9,11.3977,11.0899,8.8394,6,87.4397,21.4447,28.8597
4,9,11.3977,11.0899,8.8394,7,38.5943,33.5019,44.6862
4,9,11.3977,11.0899,8.8394,8,33.7611,33.7483,23.2241
4,9,11.3977,11.0899,8.8394,9,27.0724,23.7632,16.7175
4,9,11.3977,11.0899,8.8394,10,19.4836,16.4163,7.6122
4,9,11.1805,10.9966,8.817,6,17.7024,19.4665,21.3318
4,9,11.1805,10.9966,8.817,7,29.9606,29.4731,30.282
4,9,11.1805,10.9966,8.817,8,31.4036,38.3163,28.485
4,9,11.1805,10.9966,8.817,9,27.3983,24.4692,20.7231
4,9,11.1805,10.9966,8.817,10,16.4329,16.4943,5.8651
4,10,12.8338,11.6534,14.9139,6,18.7609,24.373,104.6428
4,10,12.8338,11.6534,14.9139,7,38.8952,39.8188,79.3318
4,10,12.8338,11.6534,14.9139,8,38.6376,38.0377,26.7525
4,10,12.8338,11.6534,14.9139,9,21.166,20.7864,25.3755
4,10,12.8338,11.6534,14.9139,10,10.4793,11.0348,4.8581
4,10,12.0999,12.0459,14.6035,6,19.0655,19.2819,16.7672
4,10,12.0999,12.0459,14.6035,7,41.1423,37.6866,21.2533
4,10,12.0999,12.0459,14.6035,8,36.3766,39.6816,13.8477
4,10,12.0999,12.0459,14.6035,9,21.2674,20.1757,20.0896
4,10,12.0999,12.0459,14.6035,10,12.3249,10.8195,6.3726
4,10,12.2498,11.6285,14.8764,6,18.7465,20.1296,13.4261
4,10,12.2498,11.6285,14.8764,7,39.3496,41.3217,19.9243
4,10,12.2498,11.6285,14.8764,8,38.4949,38.6031,10.7633
4,10,12.2498,11.6285,14.8764,9,20.4332,20.3131,21.6426
4,10,12.2498,11.6285,14.8764,10,11.8091,12.1029,5.5546
4,10,12.1127,12.012,14.7655,6,18.5309,20.6734,58.235
4,10,12.1127,12.012,14.7655,7,40.286,37.4681,72.5961
4,10,12.1127,12.012,14.7655,8,38.4209,37.2712,38.8026
4,10,12.1127,12.012,14.7655,9,20.9329,21.7849,14.1601
4,10,12.1127,12.012,14.7655,10,10.9211,10.9683,5.6793
4,10,12.4454,11.7616,15.1869,6,20.949,19.3848,31.0834
4,10,12.4454,11.7616,15.1869,7,38.119,41.0711,51.1823
4,10,12.4454,11.7616,15.1869,8,40.5225,37.0202,33.6409
4,10,12.4454,11.7616,15.1869,9,20.4285,19.9477,22.726
4,10,12.4454,11.7616,15.1869,10,11.9528,11.1205,9.5813
5,6,15.9221,15.8753,18.7775,6,21.6121,19.928,25.3961
5,6,15.9221,15.8753,18.7775,7,32.2762,34.5075,60.7558
5,6,15.9221,15.8753,18.7775,8,20.8065,21.63,20.6227
5,6,15.9221,15.8753,18.7775,9,47.1233,39.3699,73.2309
5,6,15.9221,15.8753,18.7775,10,35.0421,35.1185,57.0867
5,6,16.0435,16.0022,18.2401,6,18.6635,19.2526,27.2364
5,6,16.0435,16.0022,18.2401,7,32.9681,31.2941,60.9017
5,6,16.0435,16.0022,18.2401,8,20.4996,20.1124,25.6829
5,6,16.0435,16.0022,18.2401,9,38.7779,41.5007,234.2502
5,6,16.0435,16.0022,18.2401,10,35.0979,39.2071,392.8585
5,6,16.03,15.8909,17.0418,6,20.1541,18.7381,25.621
5,6,16.03,15.8909,17.0418,7,31.2849,32.4809,49.8702
5,6,16.03,15.8909,17.0418,8,21.0625,21.2836,31.1876
5,6,16.03,15.8909,17.0418,9,45.6205,42.5422,161.0061
5,6,16.03,15.8909,17.0418,10,33.3232,36.3904,119.5264
5,6,15.8896,15.9546,19.0217,6,22.2956,18.5138,91.75
5,6,15.8896,15.9546,19.0217,7,33.8273,30.5934,75.5613
5,6,15.8896,15.9546,19.0217,8,21.131,20.2164,18.5198
5,6,15.8896,15.9546,19.0217,9,50.5758,42.1014,95.3
5,6,15.8896,15.9546,19.0217,10,34.8071,36.8398,89.4211
5,6,15.9416,15.8147,17.7188,6,21.8989,21.0187,34.301
5,6,15.9416,15.8147,17.7188,7,33.8309,29.5095,65.6693
5,6,15.9416,15.8147,17.7188,8,20.6033,21.9492,18.7502
5,6,15.9416,15.8147,17.7188,9,44.6895,38.8632,112.4571
5,6,15.9416,15.8147,17.7188,10,36.236,36.5507,195.1346
5,7,14.6687,14.735,16.0169,6,28.0927,29.9028,17.9441
5,7,14.6687,14.735,16.0169,7,14.8191,14.0432,17.7478
5,7,14.6687,14.735,16.0169,8,14.7768,14.7235,5.1522
5,7,14.6687,14.735,16.0169,9,83.2762,84.7235,25.3566
5,7,14.6687,14.735,16.0169,10,45.8976,48.4571,10.315
5,7,14.8443,14.5293,16.55,6,22.7768,36.8421,13.5897
5,7,14.8443,14.5293,16.55,7,14.9993,14.7248,12.1071
5,7,14.8443,14.5293,16.55,8,14.9096,14.0725,7.0246
5,7,14.8443,14.5293,16.55,9,69.6532,88.047,64.2156
5,7,14.8443,14.5293,16.55,10,46.4777,47.8238,38.8489
5,7,14.7145,14.6146,15.324,6,30.4978,32.5437,11.3125
5,7,14.7145,14.6146,15.324,7,14.4329,14.4524,16.7473
5,7,14.7145,14.6146,15.324,8,15.308,14.4935,5.956
5,7,14.7145,14.6146,15.324,9,85.9359,93.9605,24.0963
5,7,14.7145,14.6146,15.324,10,45.879,48.8699,15.775
5,7,14.9783,14.385,14.7461,6,25.0258,56.1295,9.9611
5,7,14.9783,14.385,14.7461,7,14.8264,15.3966,12.5863
5,7,14.9783,14.385,14.7461,8,14.4878,16.1972,6.1242
5,7,14.9783,14.385,14.7461,9,57.9214,59.4667,37.3188
5,7,14.9783,14.385,14.7461,10,43.3385,42.194,15.8744
5,7,14.7001,14.6103,15.8287,6,25.6957,30.6663,14.4721
5,7,14.7001,14.6103,15.8287,7,13.9665,14.5878,16.7047
5,7,14.7001,14.6103,15.8287,8,14.3045,15.5397,7.7439
5,7,14.7001,14.6103,15.8287,9,65.6396,97.7949,42.9565
5,7,14.7001,14.6103,15.8287,10,42.1387,48.3626,26.3141
5,8,13.6631,13.1068,11.193,6,29.4866,31.3281,23.0509
5,8,13.6631,13.1068,11.193,7,26.5931,29.036,58.1876
5,8,13.6631,13.1068,11.193,8,12.7825,13.7333,17.3789
5,8,13.6631,13.1068,11.193,9,33.0977,35.7043,77.9421
5,8,13.6631,13.1068,11.193,10,38.686,39.9374,71.105
5,8,13.2018,13.1258,11.8837,6,32.435,27.5679,33.5717
5,8,13.2018,13.1258,11.8837,7,29.5014,28.171,52.511
5,8,13.2018,13.1258,11.8837,8,13.4911,13.5296,14.354
5,8,13.2018,13.1258,11.8837,9,65.7316,59.6943,63.1635
5,8,13.2018,13.1258,11.8837,10,40.0426,40.3685,43.2892
5,8,13.6185,13.296,9.683,6,28.1798,27.5443,20.9258
5,8,13.6185,13.296,9.683,7,26.1595,33.4444,22.5573
5,8,13.6185,13.296,9.683,8,12.946,12.7527,11.5068
5,8,13.6185,13.296,9.683,9,35.8665,43.896,29.0423
5,8,13.6185,13.296,9.683,10,39.9328,40.2198,11.5216
5,8,13.4481,12.9715,10.4114,6,27.7933,35.5473,21.7225
5,8,13.4481,12.9715,10.4114,7,26.6451,33.8106,29.2287
5,8,13.4481,12.9715,10.4114,8,12.8136,13.3554,10.6845
5,8,13.4481,12.9715,10.4114,9,37.7558,78.3084,39.4929
5,8,13.4481,12.9715,10.4114,10,40.941,46.4465,56.5904
5,8,13.4516,13.2941,9.8427,6,28.1268,34.1973,26.291
5,8,13.4516,13.2941,9.8427,7,29.2727,33.1689,31.5455
5,8,13.4516,13.2941,9.8427,8,13.512,13.3322,12.201
5,8,13.4516,13.2941,9.8427,9,61.3052,48.5887,55.3711
5,8,13.4516,13.2941,9.8427,10,42.3154,40.8417,31.1637
5,9,11.5209,11.0427,11.3796,6,19.6323,16.9219,45.5324
5,9,11.5209,11.0427,11.3796,7,33.7567,30.7819,61.9107
5,9,11.5209,11.0427,11.3796,8,29.5065,33.1242,21.8392
5,9,11.5209,11.0427,11.3796,9,21.3863,23.2261,36.1283
5,9,11.5209,11.0427,11.3796,10,18.4563,17.3578,22.7326
5,9,11.5512,11.0973,10.4939,6,16.4203,21.0185,65.4823
5,9,11.5512,11.0973,10.4939,7,31.4389,31.6123,46.5535
5,9,11.5512,11.0973,10.4939,8,25.4678,31.8762,41.0582
5,9,11.5512,11.0973,10.4939,9,21.4503,24.6957,20.2172
5,9,11.5512,11.0973,10.4939,10,21.0963,20.0901,18.7383
5,9,11.6763,11.3235,8.8381,6,16.5714,20.1769,24.8962
5,9,11.6763,11.3235,8.8381,7,35.3472,34.7707,54.3054
5,9,11.6763,11.3235,8.8381,8,29.98,29.7364,31.6022
5,9,11.6763,11.3235,8.8381,9,21.7856,23.084,20.8925
5,9,11.6763,11.3235,8.8381,10,16.7775,17.4964,8.4546
5,9,11.3768,10.9689,9.9735,6,19.8793,25.202,25.8048
5,9,11.3768,10.9689,9.9735,7,30.0023,30.0741,46.6734
5,9,11.3768,10.9689,9.9735,8,29.5588,36.0532,31.2487
5,9,11.3768,10.9689,9.9735,9,24.093,25.214,22.9646
5,9,11.3768,10.9689,9.9735,10,17.4437,16.3308,9.7012
5,9,11.711,11.3425,10.5852,6,20.1518,16.8677,123.847
5,9,11.711,11.3425,10.5852,7,36.1354,31.2136,78.7106
5,9,11.711,11.3425,10.5852,8,28.5479,33.0911,66.3127
5,9,11.711,11.3425,10.5852,9,22.6399,23.6149,34.4563
5,9,11.711,11.3425,10.5852,10,18.1833,20.3797,30.7324
5,10,12.2578,11.7305,15.6146,6,21.5807,22.1956,25.299
5,10,12.2578,11.7305,15.6146,7,37.8909,38.8539,124.4444
5,10,12.2578,11.7305,15.6146,8,37.2513,38.4779,55.1212
5,10,12.2578,11.7305,15.6146,9,20.2491,19.8925,18.2358
5,10,12.2578,11.7305,15.6146,10,11.9531,11.1695,13.1238
5,10,12.3024,11.7832,16.0175,6,18.4942,20.2754,64.1518
5,10,12.3024,11.7832,16.0175,7,41.692,43.1816,232.9602
5,10,12.3024,11.7832,16.0175,8,39.304,37.0963,64.2389
5,10,12.3024,11.7832,16.0175,9,20.7862,20.7785,33.57
5,10,12.3024,11.7832,16.0175,10,12.3064,11.2691,20.1875
5,10,12.3486,11.703,17.0216,6,19.2566,19.9947,218.0478
5,10,12.3486,11.703,17.0216,7,37.9176,41.2383,166.5048
5,10,12.3486,11.703,17.0216,8,35.3284,38.2126,133.9485
5,10,12.3486,11.703,17.0216,9,21.6831,20.3245,23.0245
5,10,12.3486,11.703,17.0216,10,10.6497,11.5553,12.8633
5,10,12.1192,11.7254,17.73,6,22.3875,20.3874,77.8131
5,10,12.1192,11.7254,17.73,7,35.4896,39.6458,101.5636
5,10,12.1192,11.7254,17.73,8,34.6735,35.6803,104.0687
5,10,12.1192,11.7254,17.73,9,20.6638,19.5564,27.8617
5,10,12.1192,11.7254,17.73,10,11.453,11.0794,13.081
5,10,12.0823,11.7156,15.4858,6,19.4949,18.7242,137.567
5,10,12.0823,11.7156,15.4858,7,38.7864,41.6789,100.0727
5,10,12.0823,11.7156,15.4858,8,36.8646,36.975,90.6379
5,10,12.0823,11.7156,15.4858,9,20.8528,20.2134,25.5309
5,10,12.0823,11.7156,15.4858,10,11.553,11.6931,19.2716
