1,16,8.8914,9.1545,8.2838,16,17.3653,15.8278,14.2723
1,16,8.8914,9.1545,8.2838,17,27.1385,32.7698,19.92
1,16,8.8914,9.1545,8.2838,18,57.7459,59.557,33.9527
1,16,8.8914,9.1545,8.2838,19,94.418,98.1135,50.6413
1,16,8.8914,9.1545,8.2838,20,58.8794,60.0376,31.3579
1,16,8.6291,9.4193,8.0412,16,15.7513,17.6446,12.8493
1,16,8.6291,9.4193,8.0412,17,27.4271,28.5379,19.4824
1,16,8.6291,9.4193,8.0412,18,56.9509,59.6114,35.1019
1,16,8.6291,9.4193,8.0412,19,96.0943,92.7174,49.485
1,16,8.6291,9.4193,8.0412,20,59.4649,58.1681,34.3202
1,16,8.86,9.1289,8.0682,16,17.4204,17.2214,14.3033
1,16,8.86,9.1289,8.0682,17,25.026,33.0185,29.5258
1,16,8.86,9.1289,8.0682,18,57.0482,60.702,38.9402
1,16,8.86,9.1289,8.0682,19,94.3332,94.3295,48.0309
1,16,8.86,9.1289,8.0682,20,58.8476,61.23,44.712
1,16,9.0187,9.1339,8.1665,16,16.3111,16.639,14.3952
1,16,9.0187,9.1339,8.1665,17,26.2666,31.4437,30.9052
1,16,9.0187,9.1339,8.1665,18,55.7694,59.7383,41.8492
1,16,9.0187,9.1339,8.1665,19,92.0205,93.3808,49.4555
1,16,9.0187,9.1339,8.1665,20,57.9775,60.6837,46.7011
1,16,8.9622,9.0848,8.4313,16,17.9882,16.1875,14.9046
1,16,8.9622,9.0848,8.4313,17,25.4481,33.1473,33.4692
1,16,8.9622,9.0848,8.4313,18,57.5932,58.5937,43.9334
1,16,8.9622,9.0848,8.4313,19,96.1121,96.1361,51.2568
1,16,8.9622,9.0848,8.4313,20,58.6534,59.5038,49.4617
1,17,5.9113,5.9043,4.9747,16,36.9101,44.1403,21.2675
1,17,5.9113,5.9043,4.9747,17,10.6333,10.7517,7.3103
1,17,5.9113,5.9043,4.9747,18,30.4466,27.8359,13.4454
1,17,5.9113,5.9043,4.9747,19,82.494,79.3063,25.4096
1,17,5.9113,5.9043,4.9747,20,33.0449,28.2946,9.2911
1,17,5.9959,5.9032,5.1697,16,45.0645,44.9121,23.4794
1,17,5.9959,5.9032,5.1697,17,11.2199,10.8521,8.0422
1,17,5.9959,5.9032,5.1697,18,41.1442,27.9018,15.2253
1,17,5.9959,5.9032,5.1697,19,99.1855,80.857,27.9097
1,17,5.9959,5.9032,5.1697,20,38.5774,27.2498,10.467
1,17,5.8961,6.3627,4.9603,16,34.6982,74.0921,24.1379
1,17,5.8961,6.3627,4.9603,17,11.5054,11.8939,7.2767
1,17,5.8961,6.3627,4.9603,18,33.075,73.4659,13.6515
1,17,5.8961,6.3627,4.9603,19,82.5057,152.9494,26.8741
1,17,5.8961,6.3627,4.9603,20,37.7072,43.3268,9.1092
1,17,5.8573,5.9026,5.1242,16,33.485,43.3339,25.0221
1,17,5.8573,5.9026,5.1242,17,11.0725,10.7255,7.9438
1,17,5.8573,5.9026,5.1242,18,32.4893,28.3772,14.8149
1,17,5.8573,5.9026,5.1242,19,80.9327,82.5659,27.6413
1,17,5.8573,5.9026,5.1242,20,36.7777,28.2453,9.7727
1,17,5.9022,5.9111,4.9097,16,35.4987,44.2216,21.4075
1,17,5.9022,5.9111,4.9097,17,11.1861,10.7483,7.7193
1,17,5.9022,5.9111,4.9097,18,32.5357,28.2719,15.0627
1,17,5.9022,5.9111,4.9097,19,83.991,82.2871,28.4981
1,17,5.9022,5.9111,4.9097,20,37.1256,26.9597,9.7514
1,18,12.1463,12.0374,12.2093,16,38.1366,37.6965,56.2181
1,18,12.1463,12.0374,12.2093,17,8.0561,7.9872,9.5394
1,18,12.1463,12.0374,12.2093,18,18.969,18.9839,15.8993
1,18,12.1463,12.0374,12.2093,19,64.2161,64.3047,32.1628
1,18,12.1463,12.0374,12.2093,20,19.0424,18.499,15.5676
1,18,11.9096,12.098,12.0968,16,36.4865,37.4849,59.4955
1,18,11.9096,12.098,12.0968,17,7.593,8.8402,9.1621
1,18,11.9096,12.098,12.0968,18,18.2723,19.4615,15.2733
1,18,11.9096,12.098,12.0968,19,60.6643,64.2526,31.9729
1,18,11.9096,12.098,12.0968,20,17.5686,18.8913,14.975
1,18,11.9792,11.9123,11.358,16,36.1729,36.8203,85.0122
1,18,11.9792,11.9123,11.358,17,8.0191,8.5648,8.5532
1,18,11.9792,11.9123,11.358,18,18.8434,19.1584,14.2782
1,18,11.9792,11.9123,11.358,19,63.5773,66.2468,48.051
1,18,11.9792,11.9123,11.358,20,18.3328,19.3736,13.6415
1,18,12.1389,11.9132,11.8763,16,39.0636,36.5492,59.3606
1,18,12.1389,11.9132,11.8763,17,10.095,8.556,9.1133
1,18,12.1389,11.9132,11.8763,18,18.6007,18.7802,16.2874
1,18,12.1389,11.9132,11.8763,19,62.8946,64.7115,39.6013
1,18,12.1389,11.9132,11.8763,20,18.4767,18.8095,15.8205
1,18,11.9282,11.9037,12.4898,16,37.2991,36.0892,58.463
1,18,11.9282,11.9037,12.4898,17,8.7136,8.3473,10.0389
1,18,11.9282,11.9037,12.4898,18,18.4125,19.022,16.2016
1,18,11.9282,11.9037,12.4898,19,61.0111,65.4888,35.2926
1,18,11.9282,11.9037,12.4898,20,18.3807,18.7336,16.9023
1,19,14.7199,14.7528,19.2578,16,46.0856,47.224,50.1218
1,19,14.7199,14.7528,19.2578,17,39.5199,39.3821,13.7576
1,19,14.7199,14.7528,19.2578,18,31.2654,31.0834,20.7854
1,19,14.7199,14.7528,19.2578,19,22.904,22.795,35.2047
1,19,14.7199,14.7528,19.2578,20,20.569,19.633,15.5208
1,19,14.6443,14.7298,19.8174,16,47.7211,47.0991,52.2417
1,19,14.6443,14.7298,19.8174,17,36.309,39.1297,13.1897
1,19,14.6443,14.7298,19.8174,18,31.9392,30.8622,20.8312
1,19,14.6443,14.7298,19.8174,19,22.175,22.6198,34.8103
1,19,14.6443,14.7298,19.8174,20,18.6298,20.066,15.4715
1,19,14.6085,14.6823,17.6401,16,47.1121,48.1869,43.7826
1,19,14.6085,14.6823,17.6401,17,41.201,40.5781,11.6016
1,19,14.6085,14.6823,17.6401,18,32.023,32.2339,18.3933
1,19,14.6085,14.6823,17.6401,19,21.8841,22.1535,30.4366
1,19,14.6085,14.6823,17.6401,20,19.9026,20.474,14.2012
1,19,14.7634,14.6752,19.5547,16,45.8914,47.4783,43.6801
1,19,14.7634,14.6752,19.5547,17,39.0977,41.0967,11.7163
1,19,14.7634,14.6752,19.5547,18,31.2506,31.0045,20.4512
1,19,14.7634,14.6752,19.5547,19,22.9645,22.5387,32.8559
1,19,14.7634,14.6752,19.5547,20,20.2054,19.9051,14.4885
1,19,14.753,14.7084,18.4689,16,49.7811,49.2801,43.3911
1,19,14.753,14.7084,18.4689,17,46.3553,40.385,11.3297
1,19,14.753,14.7084,18.4689,18,32.8969,33.5111,19.4835
1,19,14.753,14.7084,18.4689,19,21.9529,21.8747,31.0726
1,19,14.753,14.7084,18.4689,20,20.9242,20.0231,14.3841
1,20,9.9229,9.9955,10.7008,16,61.8991,70.1654,51.097
1,20,9.9229,9.9955,10.7008,17,23.3444,21.4458,16.8364
1,20,9.9229,9.9955,10.7008,18,21.2861,20.9981,19.3346
1,20,9.9229,9.9955,10.7008,19,54.8724,52.7596,37.2388
1,20,9.9229,9.9955,10.7008,20,7.5196,7.8787,11.751
1,20,9.8534,9.9509,10.7944,16,62.9823,60.7598,43.1828
1,20,9.8534,9.9509,10.7944,17,22.3242,20.9007,14.8038
1,20,9.8534,9.9509,10.7944,18,20.1462,20.4515,20.4366
1,20,9.8534,9.9509,10.7944,19,50.9269,55.2647,32.3389
1,20,9.8534,9.9509,10.7944,20,7.0507,7.3131,12.2977
1,20,9.8697,9.8872,11.2723,16,63.1748,60.7385,55.3159
1,20,9.8697,9.8872,11.2723,17,23.1427,22.2686,15.5796
1,20,9.8697,9.8872,11.2723,18,20.8989,19.3816,19.9015
1,20,9.8697,9.8872,11.2723,19,54.0288,52.7847,33.9534
1,20,9.8697,9.8872,11.2723,20,7.2619,7.4003,12.8144
1,20,9.9445,9.8522,11.2035,16,65.2935,59.994,55.9799
1,20,9.9445,9.8522,11.2035,17,22.0415,21.3203,15.3326
1,20,9.9445,9.8522,11.2035,18,21.0504,19.2701,19.1529
1,20,9.9445,9.8522,11.2035,19,52.5934,54.5426,33.6765
1,20,9.9445,9.8522,11.2035,20,7.8233,7.2989,12.184
1,20,9.9009,9.9314,10.5915,16,63.0444,66.1484,41.3342
1,20,9.9009,9.9314,10.5915,17,21.2522,22.4349,13.5051
1,20,9.9009,9.9314,10.5915,18,19.1315,19.8745,24.3109
1,20,9.9009,9.9314,10.5915,19,50.5707,51.8282,49.224
1,20,9.9009,9.9314,10.5915,20,7.6436,7.6391,12.2772
2,16,8.3588,8.6418,8.1432,16,16.3264,15.5856,13.5209
2,16,8.3588,8.6418,8.1432,17,28.9015,29.941,32.7679
2,16,8.3588,8.6418,8.1432,18,57.1051,58.5915,45.4021
2,16,8.3588,8.6418,8.1432,19,95.1563,94.4722,47.3952
2,16,8.3588,8.6418,8.1432,20,60.2878,62.041,47.1701
2,16,9.1703,8.66,8.7773,16,18.3372,17.119,14.5186
2,16,9.1703,8.66,8.7773,17,30.6506,31.2921,21.5735
2,16,9.1703,8.66,8.7773,18,57.1884,57.9614,34.4216
2,16,9.1703,8.66,8.7773,19,96.3495,93.9797,42.5473
2,16,9.1703,8.66,8.7773,20,60.5841,60.8533,36.68
2,16,8.3709,8.7336,8.5945,16,16.1163,17.3941,16.9997
2,16,8.3709,8.7336,8.5945,17,31.1643,28.4365,45.8194
2,16,8.3709,8.7336,8.5945,18,57.1809,57.8186,47.6253
2,16,8.3709,8.7336,8.5945,19,96.4968,94.7139,50.4807
2,16,8.3709,8.7336,8.5945,20,61.6013,59.4138,63.8597
2,16,8.4007,8.6843,8.1647,16,16.302,16.464,15.4808
2,16,8.4007,8.6843,8.1647,17,27.6873,29.3737,27.0571
2,16,8.4007,8.6843,8.1647,18,57.1245,57.944,46.4239
2,16,8.4007,8.6843,8.1647,19,96.6966,93.5521,54.3608
2,16,8.4007,8.6843,8.1647,20,60.2981,60.0002,43.0905
2,16,9.1826,8.5116,9.028,16,18.4767,15.8973,14.7344
2,16,9.1826,8.5116,9.028,17,30.321,30.3307,25.8676
2,16,9.1826,8.5116,9.028,18,57.3614,59.1424,36.6379
2,16,9.1826,8.5116,9.028,19,97.4642,96.9266,46.6112
2,16,9.1826,8.5116,9.028,20,59.7332,62.8244,34.9217
2,17,5.8188,5.8475,4.7915,16,45.893,46.3761,21.5292
2,17,5.8188,5.8475,4.7915,17,11.9441,10.9097,7.2993
2,17,5.8188,5.8475,4.7915,18,42.5325,39.9478,14.2717
2,17,5.8188,5.8475,4.7915,19,112.1133,107.8134,28.9957
2,17,5.8188,5.8475,4.7915,20,45.1975,33.1034,9.2356
2,17,5.8115,5.8484,4.9234,16,46.2026,47.6246,19.8514
2,17,5.8115,5.8484,4.9234,17,11.309,10.8828,7.6749
2,17,5.8115,5.8484,4.9234,18,43.4006,44.4584,13.3867
2,17,5.8115,5.8484,4.9234,19,114.8749,114.3588,29.24
2,17,5.8115,5.8484,4.9234,20,43.746,37.2465,9.0261
2,17,5.8128,5.8522,4.8201,16,47.8275,45.2172,17.9663
2,17,5.8128,5.8522,4.8201,17,11.2285,11.1386,7.4043
2,17,5.8128,5.8522,4.8201,18,47.2072,26.7361,13.8661
2,17,5.8128,5.8522,4.8201,19,121.6701,76.8825,27.8396
2,17,5.8128,5.8522,4.8201,20,46.2316,28.7939,8.9073
2,17,5.8165,5.8649,5.0676,16,48.3884,47.2524,27.1503
2,17,5.8165,5.8649,5.0676,17,11.34,11.4458,7.517
2,17,5.8165,5.8649,5.0676,18,48.072,47.4889,14.104
2,17,5.8165,5.8649,5.0676,19,125.817,119.0962,31.5895
2,17,5.8165,5.8649,5.0676,20,47.2095,39.8319,9.3116
2,17,5.8347,5.8619,4.5929,16,43.0181,45.3504,19.3367
2,17,5.8347,5.8619,4.5929,17,11.4422,10.7099,7.0786
2,17,5.8347,5.8619,4.5929,18,44.265,30.5207,13.4579
2,17,5.8347,5.8619,4.5929,19,113.0714,93.6579,27.7528
2,17,5.8347,5.8619,4.5929,20,45.1416,29.3465,8.6834
2,18,11.5622,11.3588,12.0054,16,35.7075,37.8395,24.2072
2,18,11.5622,11.3588,12.0054,17,9.2905,12.9114,12.7267
2,18,11.5622,11.3588,12.0054,18,18.6368,19.2841,17.5231
2,18,11.5622,11.3588,12.0054,19,63.973,63.9886,38.6312
2,18,11.5622,11.3588,12.0054,20,17.8956,18.8243,20.5343
2,18,11.6193,11.4421,12.1815,16,36.3017,36.9716,96.7837
2,18,11.6193,11.4421,12.1815,17,9.0257,10.8141,10.6979
2,18,11.6193,11.4421,12.1815,18,18.4346,19.2421,15.9497
2,18,11.6193,11.4421,12.1815,19,63.3517,65.1525,31.2353
2,18,11.6193,11.4421,12.1815,20,18.1949,18.934,16.1745
2,18,11.5246,11.4724,11.2371,16,34.9992,37.121,34.6901
2,18,11.5246,11.4724,11.2371,17,9.668,9.6697,10.1018
2,18,11.5246,11.4724,11.2371,18,18.972,18.8351,14.1734
2,18,11.5246,11.4724,11.2371,19,64.1635,64.7907,26.8204
2,18,11.5246,11.4724,11.2371,20,18.2365,18.9932,15.7987
2,18,11.5557,11.3316,12.1952,16,37.1457,36.6641,37.8594
2,18,11.5557,11.3316,12.1952,17,9.2081,13.1841,10.9043
2,18,11.5557,11.3316,12.1952,18,18.4476,18.7987,16.2003
2,18,11.5557,11.3316,12.1952,19,64.2742,62.8801,32.8779
2,18,11.5557,11.3316,12.1952,20,17.5449,18.5054,17.4477
2,18,11.5703,11.4412,12.4332,16,34.9418,37.8049,45.9534
2,18,11.5703,11.4412,12.4332,17,9.5031,9.4774,11.8209
2,18,11.5703,11.4412,12.4332,18,19.1757,18.3712,16.4114
2,18,11.5703,11.4412,12.4332,19,63.8394,65.112,32.0735
2,18,11.5703,11.4412,12.4332,20,18.4425,18.1885,18.9278
2,19,14.4243,14.3501,19.1871,16,53.444,57.3512,43.956
2,19,14.4243,14.3501,19.1871,17,40.8683,44.5441,12.5887
2,19,14.4243,14.3501,19.1871,18,32.9429,33.7711,18.8702
2,19,14.4243,14.3501,19.1871,19,21.59,21.3453,30.9746
2,19,14.4243,14.3501,19.1871,20,20.307,21.7188,15.4213
2,19,14.4489,14.4199,19.0309,16,51.6337,58.493,38.4726
2,19,14.4489,14.4199,19.0309,17,43.2534,44.4553,13.958
2,19,14.4489,14.4199,19.0309,18,33.1335,34.8959,20.5229
2,19,14.4489,14.4199,19.0309,19,21.223,22.4276,31.9982
2,19,14.4489,14.4199,19.0309,20,20.8553,22.8633,17.9706
2,19,14.3823,14.3847,18.6113,16,52.7985,54.9283,42.1826
2,19,14.3823,14.3847,18.6113,17,40.3928,41.6885,12.9811
2,19,14.3823,14.3847,18.6113,18,32.4896,32.8869,21.2398
2,19,14.3823,14.3847,18.6113,19,21.8538,21.4441,31.6361
2,19,14.3823,14.3847,18.6113,20,20.4034,21.383,16.2697
2,19,14.4483,13.9431,19.5084,16,54.8928,58.9507,37.5458
2,19,14.4483,13.9431,19.5084,17,41.4293,46.842,13.4161
2,19,14.4483,13.9431,19.5084,18,33.6938,34.2004,20.3097
2,19,14.4483,13.9431,19.5084,19,21.3139,24.1691,34.4978
2,19,14.4483,13.9431,19.5084,20,19.4304,18.8114,15.418
2,19,14.5036,13.6661,19.3424,16,54.3001,54.3157,41.7393
2,19,14.5036,13.6661,19.3424,17,40.5962,53.9329,9.5472
2,19,14.5036,13.6661,19.3424,18,31.7998,33.1227,18.1547
2,19,14.5036,13.6661,19.3424,19,23.8568,25.804,29.6598
2,19,14.5036,13.6661,19.3424,20,19.6607,20.8237,11.4591
2,20,9.487,9.4422,10.6498,16,70.8044,71.753,61.4592
2,20,9.487,9.4422,10.6498,17,21.7382,22.0467,13.87
2,20,9.487,9.4422,10.6498,18,24.3318,24.5899,25.575
2,20,9.487,9.4422,10.6498,19,71.098,61.5523,53.4679
2,20,9.487,9.4422,10.6498,20,7.2288,6.9461,12.3602
2,20,9.4661,9.4834,11.0905,16,71.3011,76.7961,43.7846
2,20,9.4661,9.4834,11.0905,17,27.4359,23.647,13.5741
2,20,9.4661,9.4834,11.0905,18,27.0293,33.1809,20.1023
2,20,9.4661,9.4834,11.0905,19,65.2233,76.5047,47.8307
2,20,9.4661,9.4834,11.0905,20,6.7172,7.0524,12.7932
2,20,9.4047,9.5253,10.8825,16,74.0502,67.3639,37.2535
2,20,9.4047,9.5253,10.8825,17,22.7657,20.4201,11.9047
2,20,9.4047,9.5253,10.8825,18,26.7029,20.0106,18.8707
2,20,9.4047,9.5253,10.8825,19,70.5794,55.9106,41.987
2,20,9.4047,9.5253,10.8825,20,7.1412,7.0762,12.5157
2,20,9.4754,9.4468,10.7586,16,71.7265,93.4827,35.9029
2,20,9.4754,9.4468,10.7586,17,22.2512,21.8055,13.5957
2,20,9.4754,9.4468,10.7586,18,20.8218,61.2174,24.8513
2,20,9.4754,9.4468,10.7586,19,59.2275,113.0345,55.5715
2,20,9.4754,9.4468,10.7586,20,7.1922,8.6962,12.2913
2,20,9.5071,9.4436,11.1561,16,70.0069,85.6695,46.1025
2,20,9.5071,9.4436,11.1561,17,19.9865,20.6568,13.6179
2,20,9.5071,9.4436,11.1561,18,23.7388,31.7203,19.026
2,20,9.5071,9.4436,11.1561,19,69.6724,79.1032,42.1498
2,20,9.5071,9.4436,11.1561,20,7.3928,7.4523,12.3462
3,16,8.3686,7.9294,8.8557,16,16.911,14.5011,14.2046
3,16,8.3686,7.9294,8.8557,17,28.4186,28.0939,37.5841
3,16,8.3686,7.9294,8.8557,18,57.7067,56.7854,56.9571
3,16,8.3686,7.9294,8.8557,19,95.9325,92.9988,124.323
3,16,8.3686,7.9294,8.8557,20,60.079,61.7599,56.1191
3,16,8.9122,8.1873,9.3665,16,18.0122,14.226,15.7706
3,16,8.9122,8.1873,9.3665,17,26.806,32.0626,25.7824
3,16,8.9122,8.1873,9.3665,18,57.0225,58.6817,35.9854
3,16,8.9122,8.1873,9.3665,19,97.2614,95.664,59.9757
3,16,8.9122,8.1873,9.3665,20,58.8278,63.1333,32.5123
3,16,8.0873,8.2843,9.3324,16,14.2695,14.738,20.1535
3,16,8.0873,8.2843,9.3324,17,27.8603,27.2817,33.9821
3,16,8.0873,8.2843,9.3324,18,57.5074,57.6027,61.4117
3,16,8.0873,8.2843,9.3324,19,95.4338,96.7524,84.394
3,16,8.0873,8.2843,9.3324,20,62.3416,61.7175,77.6718
3,16,8.3456,8.383,9.8516,16,16.8457,15.3183,16.2002
3,16,8.3456,8.383,9.8516,17,27.4734,28.3476,83.6669
3,16,8.3456,8.383,9.8516,18,57.54,56.4815,201.4691
3,16,8.3456,8.383,9.8516,19,98.0918,96.4085,432.6995
3,16,8.3456,8.383,9.8516,20,61.6559,60.6068,221.4705
3,16,8.4254,8.2404,9.2087,16,15.205,15.1665,17.0207
3,16,8.4254,8.2404,9.2087,17,27.6013,29.6897,28.9178
3,16,8.4254,8.2404,9.2087,18,57.5591,57.8922,114.9229
3,16,8.4254,8.2404,9.2087,19,95.2419,96.939,154.7108
3,16,8.4254,8.2404,9.2087,20,59.8335,61.2819,143.9303
3,17,5.8222,5.7864,5.3726,16,44.6454,40.3949,26.8744
3,17,5.8222,5.7864,5.3726,17,11.2405,11.2614,6.487
3,17,5.8222,5.7864,5.3726,18,45.295,41.0757,11.695
3,17,5.8222,5.7864,5.3726,19,116.2496,108.8517,19.8661
3,17,5.8222,5.7864,5.3726,20,47.1065,39.8296,7.4083
3,17,5.811,5.8364,5.1627,16,36.5507,44.977,68.9592
3,17,5.811,5.8364,5.1627,17,11.45,11.8248,6.6803
3,17,5.811,5.8364,5.1627,18,42.275,43.3715,11.5384
3,17,5.811,5.8364,5.1627,19,106.7809,117.2267,12.5879
3,17,5.811,5.8364,5.1627,20,44.9327,46.748,8.0496
3,17,5.8016,5.7757,5.371,16,42.1343,32.0991,20.2204
3,17,5.8016,5.7757,5.371,17,10.9645,10.9297,6.5537
3,17,5.8016,5.7757,5.371,18,38.0499,33.2874,9.7437
3,17,5.8016,5.7757,5.371,19,101.2902,89.2508,24.0774
3,17,5.8016,5.7757,5.371,20,38.882,35.805,8.3084
3,17,5.8184,5.7862,5.1698,16,41.5174,33.4601,23.9
3,17,5.8184,5.7862,5.1698,17,11.7523,10.6954,5.9711
3,17,5.8184,5.7862,5.1698,18,45.4778,32.9156,5.9181
3,17,5.8184,5.7862,5.1698,19,115.8049,89.9975,27.2244
3,17,5.8184,5.7862,5.1698,20,46.267,34.8918,6.0943
3,17,5.8294,5.8101,4.8284,16,55.7958,41.9205,24.9975
3,17,5.8294,5.8101,4.8284,17,11.6226,11.0448,6.9192
3,17,5.8294,5.8101,4.8284,18,46.1786,39.6993,14.3103
3,17,5.8294,5.8101,4.8284,19,108.2139,104.2615,25.766
3,17,5.8294,5.8101,4.8284,20,38.3807,34.4223,13.7129
3,18,11.4184,11.3108,12.3794,16,36.0504,38.4855,40.6172
3,18,11.4184,11.3108,12.3794,17,10.3057,11.911,10.9577
3,18,11.4184,11.3108,12.3794,18,18.1431,18.1464,18.6921
3,18,11.4184,11.3108,12.3794,19,62.8147,60.898,30.7567
3,18,11.4184,11.3108,12.3794,20,18.0066,17.2234,14.8992
3,18,11.5641,11.2624,12.2606,16,37.5141,38.2962,14.3216
3,18,11.5641,11.2624,12.2606,17,9.5581,10.7455,9.4638
3,18,11.5641,11.2624,12.2606,18,18.7572,17.923,18.5456
3,18,11.5641,11.2624,12.2606,19,64.8357,63.1985,31.567
3,18,11.5641,11.2624,12.2606,20,18.3495,17.3356,12.8527
3,18,11.529,11.3314,12.0687,16,34.6968,36.8034,22.5488
3,18,11.529,11.3314,12.0687,17,9.8727,10.2081,9.9861
3,18,11.529,11.3314,12.0687,18,18.7198,18.5047,16.2187
3,18,11.529,11.3314,12.0687,19,61.9648,61.8085,20.4845
3,18,11.529,11.3314,12.0687,20,18.1233,17.897,12.7852
3,18,11.6343,11.1027,13.6753,16,35.7482,46.1602,177.1485
3,18,11.6343,11.1027,13.6753,17,9.9166,10.6127,9.9821
3,18,11.6343,11.1027,13.6753,18,18.1739,20.1655,19.9157
3,18,11.6343,11.1027,13.6753,19,62.7906,67.0635,31.9561
3,18,11.6343,11.1027,13.6753,20,18.0748,18.4125,14.1053
3,18,11.6147,10.959,12.4402,16,35.6675,49.7876,42.6821
3,18,11.6147,10.959,12.4402,17,9.8637,8.8999,9.0803
3,18,11.6147,10.959,12.4402,18,18.763,19.5275,18.9096
3,18,11.6147,10.959,12.4402,19,63.7878,65.7651,41.2262
3,18,11.6147,10.959,12.4402,20,17.9197,18.0342,17.2111
3,19,14.4545,14.1483,19.8068,16,50.9084,56.8493,43.6209
3,19,14.4545,14.1483,19.8068,17,38.8261,35.1007,12.9827
3,19,14.4545,14.1483,19.8068,18,30.9815,34.3018,19.4917
3,19,14.4545,14.1483,19.8068,19,22.5432,23.1389,33.9486
3,19,14.4545,14.1483,19.8068,20,19.7013,18.48,19.3586
3,19,14.05,13.1165,19.2745,16,53.6713,60.377,37.5027
3,19,14.05,13.1165,19.2745,17,37.9592,58.0917,12.0553
3,19,14.05,13.1165,19.2745,18,34.5516,35.5205,21.2134
3,19,14.05,13.1165,19.2745,19,22.655,24.8579,30.6886
3,19,14.05,13.1165,19.2745,20,19.5222,22.0668,18.1941
3,19,13.9484,14.1339,18.959,16,54.9853,54.526,40.2528
3,19,13.9484,14.1339,18.959,17,52.0907,38.4795,12.3298
3,19,13.9484,14.1339,18.959,18,33.0494,33.444,19.1503
3,19,13.9484,14.1339,18.959,19,23.8393,23.2915,31.9823
3,19,13.9484,14.1339,18.959,20,20.7624,19.1922,21.292
3,19,15.8088,14.0663,19.5052,16,48.2596,51.1612,36.3914
3,19,15.8088,14.0663,19.5052,17,50.3366,39.5004,20.1292
3,19,15.8088,14.0663,19.5052,18,30.603,34.0312,26.9027
3,19,15.8088,14.0663,19.5052,19,25.146,22.9866,29.3999
3,19,15.8088,14.0663,19.5052,20,25.4525,19.2028,19.1829
3,19,14.352,13.9932,19.0964,16,55.8534,49.7654,36.2225
3,19,14.352,13.9932,19.0964,17,44.5655,40.1128,11.4774
3,19,14.352,13.9932,19.0964,18,33.8696,32.8909,18.2212
3,19,14.352,13.9932,19.0964,19,21.6002,23.7691,32.0267
3,19,14.352,13.9932,19.0964,20,21.1443,21.1227,12.906
3,20,9.4051,9.0961,11.3513,16,79.1059,123.7629,80.0523
3,20,9.4051,9.0961,11.3513,17,26.0508,29.0091,10.0247
3,20,9.4051,9.0961,11.3513,18,26.3403,95.8448,21.1739
3,20,9.4051,9.0961,11.3513,19,65.6926,174.6395,73.5326
3,20,9.4051,9.0961,11.3513,20,6.9747,11.472,13.3615
3,20,9.5087,9.4899,10.7806,16,68.5615,68.1112,58.6523
3,20,9.5087,9.4899,10.7806,17,22.4176,23.8084,17.7835
3,20,9.5087,9.4899,10.7806,18,21.1872,22.8366,21.66
3,20,9.5087,9.4899,10.7806,19,58.7523,63.0138,51.6787
3,20,9.5087,9.4899,10.7806,20,6.8889,7.0205,12.1498
3,20,9.4527,9.4564,11.4337,16,67.9285,70.6563,51.4314
3,20,9.4527,9.4564,11.4337,17,20.6249,19.5993,11.1722
3,20,9.4527,9.4564,11.4337,18,20.1211,21.082,19.1568
3,20,9.4527,9.4564,11.4337,19,57.5364,61.2862,52.3556
3,20,9.4527,9.4564,11.4337,20,7.0093,7.2429,12.3216
3,20,9.3984,9.5138,10.8489,16,67.1357,66.2246,77.1713
3,20,9.3984,9.5138,10.8489,17,20.8905,21.7528,15.5858
3,20,9.3984,9.5138,10.8489,18,19.6639,22.7077,31.4789
3,20,9.3984,9.5138,10.8489,19,54.5208,65.2957,95.3704
3,20,9.3984,9.5138,10.8489,20,7.4537,7.1756,13.5781
3,20,9.5022,9.2175,11.599,16,65.5441,117.3837,89.0393
3,20,9.5022,9.2175,11.599,17,20.139,24.6146,18.249
3,20,9.5022,9.2175,11.599,18,19.3588,87.8692,23.5252
3,20,9.5022,9.2175,11.599,19,60.7099,135.0672,41.6582
3,20,9.5022,9.2175,11.599,20,7.226,10.4301,13.7148
4,16,8.153,8.2362,10.749,16,14.4912,15.2734,17.5591
4,16,8.153,8.2362,10.749,17,27.8368,27.0292,33.0943
4,16,8.153,8.2362,10.749,18,57.282,56.6239,61.846
4,16,8.153,8.2362,10.749,19,94.157,92.8915,85.8539
4,16,8.153,8.2362,10.749,20,62.2281,59.5471,67.1237
4,16,8.3101,8.2647,9.3221,16,15.8817,15.7155,14.4499
4,16,8.3101,8.2647,9.3221,17,31.1637,32.1174,23.5214
4,16,8.3101,8.2647,9.3221,18,56.8131,58.56,42.897
4,16,8.3101,8.2647,9.3221,19,95.1206,95.2164,61.7827
4,16,8.3101,8.2647,9.3221,20,61.4989,60.0777,31.8283
4,16,8.7887,7.6282,10.684,16,17.1398,14.205,17.8214
4,16,8.7887,7.6282,10.684,17,27.1455,43.2946,93.1864
4,16,8.7887,7.6282,10.684,18,57.3677,56.3643,122.6142
4,16,8.7887,7.6282,10.684,19,97.567,90.3871,160.1374
4,16,8.7887,7.6282,10.684,20,60.9771,59.3764,105.8676
4,16,7.7415,8.156,9.9603,16,15.247,14.5281,32.206
4,16,7.7415,8.156,9.9603,17,30.7084,29.3087,27.3085
4,16,7.7415,8.156,9.9603,18,57.8925,57.5415,53.2553
4,16,7.7415,8.156,9.9603,19,94.6014,95.2449,207.794
4,16,7.7415,8.156,9.9603,20,63.6932,61.4518,44.0289
4,16,7.9241,7.6738,10.2338,16,15.0285,14.4415,22.4043
4,16,7.9241,7.6738,10.2338,17,28.2627,29.8373,48.0162
4,16,7.9241,7.6738,10.2338,18,57.1494,57.0272,91.584
4,16,7.9241,7.6738,10.2338,19,95.2694,88.6167,174.3996
4,16,7.9241,7.6738,10.2338,20,61.4451,60.7645,71.014
4,17,5.8203,5.7978,5.2614,16,50.7468,41.5967,92.3295
4,17,5.8203,5.7978,5.2614,17,11.6709,11.1499,7.1243
4,17,5.8203,5.7978,5.2614,18,50.2765,37.0669,21.283
4,17,5.8203,5.7978,5.2614,19,122.4418,102.8926,32.3538
4,17,5.8203,5.7978,5.2614,20,45.197,37.4527,13.7709
4,17,5.821,5.8175,5.23,16,44.6652,40.3688,74.0571
4,17,5.821,5.8175,5.23,17,11.5214,11.0109,7.3382
4,17,5.821,5.8175,5.23,18,42.2056,33.8156,21.2481
4,17,5.821,5.8175,5.23,19,109.246,97.5829,30.2966
4,17,5.821,5.8175,5.23,20,44.1923,34.9148,10.5687
4,17,5.7896,5.8267,5.5677,16,30.0027,38.1888,209.9517
4,17,5.7896,5.8267,5.5677,17,10.9987,11.3699,7.5707
4,17,5.7896,5.8267,5.5677,18,35.268,33.6724,18.6259
4,17,5.7896,5.8267,5.5677,19,89.4971,93.6326,26.1654
4,17,5.7896,5.8267,5.5677,20,39.8464,32.8074,14.0029
4,17,5.8032,5.8152,5.5989,16,40.0689,39.9774,32.6715
4,17,5.8032,5.8152,5.5989,17,11.3406,11.3138,7.3958
4,17,5.8032,5.8152,5.5989,18,42.6606,41.8462,16.5866
4,17,5.8032,5.8152,5.5989,19,113.7081,112.8566,50.0683
4,17,5.8032,5.8152,5.5989,20,45.7135,45.0861,16.3312
4,17,5.8041,5.7797,5.1084,16,42.1881,37.2309,51.3237
4,17,5.8041,5.7797,5.1084,17,11.8675,11.3361,6.9757
4,17,5.8041,5.7797,5.1084,18,45.2196,40.9648,21.8353
4,17,5.8041,5.7797,5.1084,19,115.1568,96.3131,24.5325
4,17,5.8041,5.7797,5.1084,20,48.2146,38.4394,17.4987
4,18,11.5138,11.0413,13.2964,16,37.2931,49.9699,27.8499
4,18,11.5138,11.0413,13.2964,17,9.5671,9.5884,13.2453
4,18,11.5138,11.0413,13.2964,18,18.76,18.6655,21.1089
4,18,11.5138,11.0413,13.2964,19,63.9583,66.2972,35.9658
4,18,11.5138,11.0413,13.2964,20,18.7632,18.9125,18.6801
4,18,11.4556,10.5733,14.6262,16,38.0723,66.1917,197.7635
4,18,11.4556,10.5733,14.6262,17,10.2128,15.8016,10.861
4,18,11.4556,10.5733,14.6262,18,18.225,21.8573,26.4222
4,18,11.4556,10.5733,14.6262,19,63.1479,71.5588,102.369
4,18,11.4556,10.5733,14.6262,20,17.3022,18.5931,22.5199
4,18,11.5496,11.256,13.1453,16,36.123,42.6002,31.3671
4,18,11.5496,11.256,13.1453,17,10.2021,10.6899,12.0177
4,18,11.5496,11.256,13.1453,18,18.2219,17.703,17.8459
4,18,11.5496,11.256,13.1453,19,62.5287,66.2019,28.0451
4,18,11.5496,11.256,13.1453,20,17.2976,22.0398,16.6773
4,18,11.5686,11.1502,13.2004,16,37.2843,53.0336,80.5537
4,18,11.5686,11.1502,13.2004,17,10.0735,9.6054,11.3349
4,18,11.5686,11.1502,13.2004,18,18.6441,19.1642,21.1124
4,18,11.5686,11.1502,13.2004,19,65.2153,70.9072,91.0801
4,18,11.5686,11.1502,13.2004,20,17.858,19.1916,16.9532
4,18,11.5253,10.8869,13.0202,16,37.7481,42.7878,94.098
4,18,11.5253,10.8869,13.0202,17,9.9338,15.1775,11.7322
4,18,11.5253,10.8869,13.0202,18,19.2556,19.4609,16.5385
4,18,11.5253,10.8869,13.0202,19,63.3718,64.5354,38.0278
4,18,11.5253,10.8869,13.0202,20,18.1067,19.996,17.6281
4,19,14.4214,13.1022,20.4796,16,48.7237,59.8779,116.2482
4,19,14.4214,13.1022,20.4796,17,41.9511,51.4777,18.1928
4,19,14.4214,13.1022,20.4796,18,32.238,33.2325,23.3236
4,19,14.4214,13.1022,20.4796,19,21.7439,25.6976,32.4568
4,19,14.4214,13.1022,20.4796,20,20.2301,19.6449,25.6039
4,19,14.372,13.7555,19.3666,16,52.1261,54.2413,154.5615
4,19,14.372,13.7555,19.3666,17,39.2719,41.456,23.8149
4,19,14.372,13.7555,19.3666,18,32.2139,32.3834,20.7422
4,19,14.372,13.7555,19.3666,19,21.8759,23.2802,33.7775
4,19,14.372,13.7555,19.3666,20,19.8047,20.6545,21.2617
4,19,14.1201,14.1234,19.6688,16,51.8164,56.7868,108.6667
4,19,14.1201,14.1234,19.6688,17,52.5735,44.2668,22.4246
4,19,14.1201,14.1234,19.6688,18,32.2412,36.4748,23.0504
4,19,14.1201,14.1234,19.6688,19,22.7596,22.0468,29.6667
4,19,14.1201,14.1234,19.6688,20,21.0324,21.7202,32.3341
4,19,14.1914,12.9571,19.2715,16,55.6979,54.5123,198.0728
4,19,14.1914,12.9571,19.2715,17,38.9335,50.704,20.0411
4,19,14.1914,12.9571,19.2715,18,33.4546,33.7703,22.6438
4,19,14.1914,12.9571,19.2715,19,23.748,25.871,31.6985
4,19,14.1914,12.9571,19.2715,20,19.7258,19.022,20.2166
4,19,14.1562,13.9748,19.8503,16,56.4205,52.7191,383.9305
4,19,14.1562,13.9748,19.8503,17,49.2334,47.8267,41.3945
4,19,14.1562,13.9748,19.8503,18,33.6582,32.2644,18.1012
4,19,14.1562,13.9748,19.8503,19,23.4583,23.4843,26.8694
4,19,14.1562,13.9748,19.8503,20,21.724,21.1933,11.6262
4,20,9.4029,8.7209,11.3008,16,75.9688,153.9168,55.84
4,20,9.4029,8.7209,11.3008,17,24.6052,20.0232,11.4586
4,20,9.4029,8.7209,11.3008,18,23.9903,42.7506,16.9553
4,20,9.4029,8.7209,11.3008,19,63.4136,138.7911,33.6548
4,20,9.4029,8.7209,11.3008,20,6.9323,13.5089,14.3052
4,20,9.2249,8.6229,11.6637,16,68.0648,126.1167,71.7681
4,20,9.2249,8.6229,11.6637,17,20.5677,26.1377,26.9764
4,20,9.2249,8.6229,11.6637,18,22.4704,120.28,29.9392
4,20,9.2249,8.6229,11.6637,19,55.0454,220.3696,44.7391
4,20,9.2249,8.6229,11.6637,20,8.7576,11.822,13.2676
4,20,9.493,8.6867,11.8915,16,67.3083,119.8315,114.4518
4,20,9.493,8.6867,11.8915,17,21.1278,24.8328,19.1616
4,20,9.493,8.6867,11.8915,18,20.412,127.7628,31.8196
4,20,9.493,8.6867,11.8915,19,61.0382,176.7208,146.2882
4,20,9.493,8.6867,11.8915,20,7.0733,12.9205,15.4713
4,20,9.4035,9.2471,11.4911,16,77.6244,85.8732,46.695
4,20,9.4035,9.2471,11.4911,17,25.3531,16.8543,14.0122
4,20,9.4035,9.2471,11.4911,18,28.259,31.1451,17.7797
4,20,9.4035,9.2471,11.4911,19,72.3277,70.0538,40.1296
4,20,9.4035,9.2471,11.4911,20,7.1842,8.7776,14.8792
4,20,9.4397,9.4838,11.2288,16,69.6831,67.7956,41.8206
4,20,9.4397,9.4838,11.2288,17,24.1365,24.7073,13.628
4,20,9.4397,9.4838,11.2288,18,24.1626,23.2197,28.0421
4,20,9.4397,9.4838,11.2288,19,65.8682,61.7459,61.9976
4,20,9.4397,9.4838,11.2288,20,7.2774,6.9354,11.3437
5,16,8.329,7.4593,10.1667,16,15.9725,14.4564,30.6026
5,16,8.329,7.4593,10.1667,17,28.5835,31.5221,48.6129
5,16,8.329,7.4593,10.1667,18,57.2571,58.5805,59.3648
5,16,8.329,7.4593,10.1667,19,96.3784,94.6457,222.7198
5,16,8.329,7.4593,10.1667,20,61.9883,59.7475,82.5259
5,16,9.2052,8.2355,10.7781,16,18.3458,14.4962,24.9723
5,16,9.2052,8.2355,10.7781,17,30.1391,27.4306,61.6135
5,16,9.2052,8.2355,10.7781,18,56.9527,56.9211,112.2507
5,16,9.2052,8.2355,10.7781,19,95.589,95.913,167.3766
5,16,9.2052,8.2355,10.7781,20,59.6232,60.838,154.1509
5,16,9.1821,7.4006,10.9028,16,18.2013,13.809,30.1953
5,16,9.1821,7.4006,10.9028,17,30.3432,33.587,53.6765
5,16,9.1821,7.4006,10.9028,18,57.7008,59.2514,61.6897
5,16,9.1821,7.4006,10.9028,19,96.3622,92.1486,163.355
5,16,9.1821,7.4006,10.9028,20,60.6773,61.3546,54.5872
5,16,8.6292,7.6233,10.3707,16,16.8654,14.6182,18.7573
5,16,8.6292,7.6233,10.3707,17,30.3179,30.3354,112.1784
5,16,8.6292,7.6233,10.3707,18,57.5471,56.1764,316.1238
5,16,8.6292,7.6233,10.3707,19,97.5866,91.9323,144.3701
5,16,8.6292,7.6233,10.3707,20,60.7573,59.8273,291.0725
5,16,8.273,7.6646,10.67,16,16.0104,14.2053,27.0082
5,16,8.273,7.6646,10.67,17,28.0764,33.8311,50.7481
5,16,8.273,7.6646,10.67,18,56.2285,56.8166,131.7936
5,16,8.273,7.6646,10.67,19,96.5541,91.6273,98.9134
5,16,8.273,7.6646,10.67,20,61.2362,58.9465,112.4164
5,17,5.797,5.8408,5.852,16,31.9569,34.2606,220.5029
5,17,5.797,5.8408,5.852,17,11.0413,10.7164,7.1414
5,17,5.797,5.8408,5.852,18,38.0142,33.462,17.181
5,17,5.797,5.8408,5.852,19,99.2442,91.1093,88.8224
5,17,5.797,5.8408,5.852,20,40.31,34.9871,9.1431
5,17,5.7797,5.8069,5.4888,16,35.2157,37.5279,75.0753
5,17,5.7797,5.8069,5.4888,17,11.1478,11.1687,5.7479
5,17,5.7797,5.8069,5.4888,18,38.8092,40.6145,70.322
5,17,5.7797,5.8069,5.4888,19,101.9528,105.7546,56.3305
5,17,5.7797,5.8069,5.4888,20,41.5856,41.3447,70.6434
5,17,5.7978,5.8745,5.7962,16,39.7478,37.1333,206.0033
5,17,5.7978,5.8745,5.7962,17,11.1842,11.265,9.3369
5,17,5.7978,5.8745,5.7962,18,43.1069,29.6547,19.7276
5,17,5.7978,5.8745,5.7962,19,111.599,78.1628,25.4046
5,17,5.7978,5.8745,5.7962,20,45.2634,39.5368,14.121
5,17,5.7953,5.8215,5.8943,16,33.3041,39.9258,37.2409
5,17,5.7953,5.8215,5.8943,17,10.7636,10.6722,9.7623
5,17,5.7953,5.8215,5.8943,18,36.5802,34.5474,28.0898
5,17,5.7953,5.8215,5.8943,19,98.0507,99.1126,47.6026
5,17,5.7953,5.8215,5.8943,20,38.0728,35.8688,18.7498
5,17,5.8237,5.8042,5.7039,16,35.5036,40.3385,182.3013
5,17,5.8237,5.8042,5.7039,17,11.344,10.847,7.0639
5,17,5.8237,5.8042,5.7039,18,38.9126,34.7337,23.7547
5,17,5.8237,5.8042,5.7039,19,103.613,99.2202,63.9299
5,17,5.8237,5.8042,5.7039,20,41.6644,35.9147,11.8833
5,18,11.5228,11.6171,14.2023,16,37.0675,37.0891,115.8011
5,18,11.5228,11.6171,14.2023,17,9.8902,9.9748,10.7572
5,18,11.5228,11.6171,14.2023,18,18.4735,18.7996,22.6875
5,18,11.5228,11.6171,14.2023,19,63.0026,59.7567,121.4699
5,18,11.5228,11.6171,14.2023,20,17.7193,17.1511,23.7281
5,18,11.6678,10.96,14.4814,16,35.7892,56.901,177.9371
5,18,11.6678,10.96,14.4814,17,8.9494,11.3469,20.6473
5,18,11.6678,10.96,14.4814,18,18.755,21.1576,27.478
5,18,11.6678,10.96,14.4814,19,62.3711,71.4909,59.6738
5,18,11.6678,10.96,14.4814,20,17.4815,18.5662,37.5046
5,18,11.5228,11.1255,14.5493,16,36.5027,56.46,50.4763
5,18,11.5228,11.1255,14.5493,17,9.5796,10.6302,12.3182
5,18,11.5228,11.1255,14.5493,18,18.4246,20.1673,40.3714
5,18,11.5228,11.1255,14.5493,19,62.6901,74.9022,103.4649
5,18,11.5228,11.1255,14.5493,20,17.664,20.1338,28.322
5,18,11.6164,10.8357,13.5772,16,37.6046,44.5825,52.6838
5,18,11.6164,10.8357,13.5772,17,9.1267,8.5497,12.9931
5,18,11.6164,10.8357,13.5772,18,18.6188,19.1757,20.5834
5,18,11.6164,10.8357,13.5772,19,64.6636,65.0611,37.1306
5,18,11.6164,10.8357,13.5772,20,18.3019,18.7756,32.9485
5,18,11.5975,10.9891,13.3504,16,38.5553,83.6306,132.383
5,18,11.5975,10.9891,13.3504,17,9.9659,11.743,10.9268
5,18,11.5975,10.9891,13.3504,18,18.8948,20.4111,23.032
5,18,11.5975,10.9891,13.3504,19,66.0084,83.8428,46.8132
5,18,11.5975,10.9891,13.3504,20,19.3609,21.5895,16.435
5,19,13.9509,13.2756,22.274,16,50.5499,51.3614,104.3479
5,19,13.9509,13.2756,22.274,17,39.0133,66.235,46.6297
5,19,13.9509,13.2756,22.274,18,31.1505,31.4602,33.4475
5,19,13.9509,13.2756,22.274,19,23.5964,27.8462,39.5498
5,19,13.9509,13.2756,22.274,20,19.4474,19.7576,35.4014
5,19,13.6457,14.6864,21.9317,16,53.9831,49.9359,96.9747
5,19,13.6457,14.6864,21.9317,17,43.1003,41.0539,124.6964
5,19,13.6457,14.6864,21.9317,18,33.3435,33.5483,39.6856
5,19,13.6457,14.6864,21.9317,19,23.5024,21.3737,33.8355
5,19,13.6457,14.6864,21.9317,20,20.1524,19.7703,49.6058
5,19,14.2973,12.5204,23.7195,16,53.3529,60.3461,97.19
5,19,14.2973,12.5204,23.7195,17,42.1137,53.6648,24.4777
5,19,14.2973,12.5204,23.7195,18,32.946,33.2883,34.6153
5,19,14.2973,12.5204,23.7195,19,22.6212,25.8306,47.208
5,19,14.2973,12.5204,23.7195,20,20.6696,25.3667,29.609
5,19,14.292,13.0094,23.4376,16,53.3727,47.893,349.1045
5,19,14.292,13.0094,23.4376,17,39.1779,39.9581,69.177
5,19,14.292,13.0094,23.4376,18,32.7472,28.7114,31.2212
5,19,14.292,13.0094,23.4376,19,22.5629,29.2428,28.944
5,19,14.292,13.0094,23.4376,20,20.2972,20.3628,29.5004
5,19,14.1581,12.2739,20.8482,16,51.5883,56.7254,64.3759
5,19,14.1581,12.2739,20.8482,17,35.5459,32.9461,15.5947
5,19,14.1581,12.2739,20.8482,18,32.8021,30.7009,33.7771
5,19,14.1581,12.2739,20.8482,19,22.5454,27.1357,39.4296
5,19,14.1581,12.2739,20.8482,20,18.4672,18.3291,30.5108
5,20,9.0852,9.5686,12.3683,16,73.9265,65.2943,258.7366
5,20,9.0852,9.5686,12.3683,17,23.4691,20.2636,36.0416
5,20,9.0852,9.5686,12.3683,18,22.3593,20.0622,34.5238
5,20,9.0852,9.5686,12.3683,19,63.8719,63.6133,245.1362
5,20,9.0852,9.5686,12.3683,20,7.6946,7.2412,16.2046
5,20,9.5571,9.5207,12.7065,16,66.2049,68.6718,184.0038
5,20,9.5571,9.5207,12.7065,17,23.1343,20.0312,26.0206
5,20,9.5571,9.5207,12.7065,18,20.931,20.753,49.0544
5,20,9.5571,9.5207,12.7065,19,50.3962,66.2744,210.8316
5,20,9.5571,9.5207,12.7065,20,7.1702,7.3387,19.6024
5,20,9.5108,8.6666,11.4043,16,70.0105,149.0427,514.4017
5,20,9.5108,8.6666,11.4043,17,25.3153,25.0298,34.3301
5,20,9.5108,8.6666,11.4043,18,24.2479,33.2948,37.8349
5,20,9.5108,8.6666,11.4043,19,67.2538,113.5901,120.1798
5,20,9.5108,8.6666,11.4043,20,6.9754,13.0377,11.7444
5,20,9.4833,8.4632,12.2998,16,71.0032,252.7212,224.874
5,20,9.4833,8.4632,12.2998,17,21.7253,22.0545,28.7859
5,20,9.4833,8.4632,12.2998,18,23.8879,151.2645,60.4283
5,20,9.4833,8.4632,12.2998,19,66.534,302.1101,64.5281
5,20,9.4833,8.4632,12.2998,20,7.147,24.0413,12.7308
5,20,8.9633,9.5944,11.9359,16,93.5999,61.8681,198.9569
5,20,8.9633,9.5944,11.9359,17,21.5522,18.6417,35.7612
5,20,8.9633,9.5944,11.9359,18,41.9385,18.4228,55.7467
5,20,8.9633,9.5944,11.9359,19,95.6725,58.5144,171.5019
5,20,8.9633,9.5944,11.9359,20,8.2653,7.4442,15.5221
