1,1,3.0431,3.0423,1.6062,1,2.6055,2.577,1.7794
1,1,3.0431,3.0423,1.6062,2,15.5682,15.3532,4.1023
1,1,3.0431,3.0423,1.6062,3,31.1715,30.9908,5.9056
1,1,3.0431,3.0423,1.6062,4,8.776,8.6699,2.2823
1,1,3.0431,3.0423,1.6062,5,10.8756,10.8217,9.4726
1,1,3.0408,3.0479,1.612,1,2.646,2.5561,1.8646
1,1,3.0408,3.0479,1.612,2,15.6728,15.6222,4.0806
1,1,3.0408,3.0479,1.612,3,31.4972,31.4137,6.0916
1,1,3.0408,3.0479,1.612,4,9.0019,8.8699,2.2189
1,1,3.0408,3.0479,1.612,5,10.8209,10.8097,8.7458
1,1,3.0544,3.0411,1.5728,1,2.5921,2.6055,1.7448
1,1,3.0544,3.0411,1.5728,2,15.3326,15.5312,4.2605
1,1,3.0544,3.0411,1.5728,3,31.1798,31.0349,5.87
1,1,3.0544,3.0411,1.5728,4,8.7593,8.7825,2.2016
1,1,3.0544,3.0411,1.5728,5,10.9954,10.6898,9.8044
1,1,3.0461,3.054,1.61,1,2.6695,2.5231,1.7778
1,1,3.0461,3.054,1.61,2,15.2586,15.663,4.3534
1,1,3.0461,3.054,1.61,3,30.7014,31.3617,6.199
1,1,3.0461,3.054,1.61,4,8.7875,8.6442,2.2578
1,1,3.0461,3.054,1.61,5,10.6236,11.0793,9.2364
1,1,3.0513,3.0492,1.6621,1,2.5894,2.5734,1.8231
1,1,3.0513,3.0492,1.6621,2,15.3184,15.2957,4.3502
1,1,3.0513,3.0492,1.6621,3,31.0257,30.827,6.1786
1,1,3.0513,3.0492,1.6621,4,8.8606,8.6583,2.3736
1,1,3.0513,3.0492,1.6621,5,10.5778,10.755,9.4163
1,2,3.4444,3.3889,1.913,1,9.6233,9.4127,6.4684
1,2,3.4444,3.3889,1.913,2,3.5893,3.5812,1.8547
1,2,3.4444,3.3889,1.913,3,13.0178,13.349,2.5778
1,2,3.4444,3.3889,1.913,4,10.2151,10.2601,7.0193
1,2,3.4444,3.3889,1.913,5,7.3433,6.8925,4.6881
1,2,3.3995,3.367,1.9001,1,9.363,9.6523,5.5311
1,2,3.3995,3.367,1.9001,2,3.5993,3.4173,1.8021
1,2,3.3995,3.367,1.9001,3,13.2978,12.8075,2.5481
1,2,3.3995,3.367,1.9001,4,10.2156,10.1778,6.727
1,2,3.3995,3.367,1.9001,5,6.8483,7.0271,4.3688
1,2,3.396,3.3854,1.8849,1,9.561,9.6265,5.7693
1,2,3.396,3.3854,1.8849,2,3.4667,3.4217,1.7792
1,2,3.396,3.3854,1.8849,3,12.9011,12.8076,2.6065
1,2,3.396,3.3854,1.8849,4,10.1281,10.0975,7.0321
1,2,3.396,3.3854,1.8849,5,7.1934,7.1172,4.7691
1,2,3.3635,3.3961,1.8256,1,9.5624,9.3818,5.6678
1,2,3.3635,3.3961,1.8256,2,3.4643,3.6171,1.7464
1,2,3.3635,3.3961,1.8256,3,13.1188,13.1242,2.5458
1,2,3.3635,3.3961,1.8256,4,10.1568,9.9832,6.8942
1,2,3.3635,3.3961,1.8256,5,6.978,6.9543,4.4637
1,2,3.417,3.3803,1.7958,1,9.3782,9.7124,5.6574
1,2,3.417,3.3803,1.7958,2,3.6027,3.5272,1.6981
1,2,3.417,3.3803,1.7958,3,13.1944,12.9155,2.5573
1,2,3.417,3.3803,1.7958,4,10.0231,10.3056,7.0286
1,2,3.417,3.3803,1.7958,5,7.0595,7.0516,4.5175
1,3,3.1923,3.1979,2.7029,1,17.0755,16.9171,6.398
1,3,3.1923,3.1979,2.7029,2,2.8625,2.7899,2.067
1,3,3.1923,3.1979,2.7029,3,4.728,4.8173,2.7509
1,3,3.1923,3.1979,2.7029,4,9.8369,9.6929,6.9862
1,3,3.1923,3.1979,2.7029,5,16.406,16.2532,5.0209
1,3,3.2041,3.1933,2.7724,1,16.7775,17.4636,5.9221
1,3,3.2041,3.1933,2.7724,2,2.8045,2.934,2.0666
1,3,3.2041,3.1933,2.7724,3,4.7599,4.6031,2.5496
1,3,3.2041,3.1933,2.7724,4,9.7772,10.0284,6.6299
1,3,3.2041,3.1933,2.7724,5,16.124,16.6095,5.2377
1,3,3.1983,3.1958,2.7705,1,16.6387,17.7112,5.9595
1,3,3.1983,3.1958,2.7705,2,2.7903,2.8881,2.0869
1,3,3.1983,3.1958,2.7705,3,4.8463,4.5126,2.6702
1,3,3.1983,3.1958,2.7705,4,9.662,10.2799,6.6111
1,3,3.1983,3.1958,2.7705,5,15.9683,16.8364,5.1075
1,3,3.1922,3.1965,2.7732,1,17.0515,16.8917,6.3769
1,3,3.1922,3.1965,2.7732,2,2.8355,2.8147,2.1166
1,3,3.1922,3.1965,2.7732,3,4.7064,4.8641,2.7165
1,3,3.1922,3.1965,2.7732,4,9.9294,9.7396,6.8716
1,3,3.1922,3.1965,2.7732,5,16.1946,15.8831,5.0557
1,3,3.2001,3.1897,2.7534,1,16.6887,17.1819,6.6871
1,3,3.2001,3.1897,2.7534,2,2.8009,2.8738,2.0971
1,3,3.2001,3.1897,2.7534,3,4.807,4.7086,2.7524
1,3,3.2001,3.1897,2.7534,4,9.6253,9.8739,7.1697
1,3,3.2001,3.1897,2.7534,5,16.1354,16.3082,4.9324
1,4,2.8786,2.8396,2.6786,1,5.1922,5.1298,2.6023
1,4,2.8786,2.8396,2.6786,2,8.0488,8.1725,4.4559
1,4,2.8786,2.8396,2.6786,3,17.0806,16.9677,6.7882
1,4,2.8786,2.8396,2.6786,4,3.5351,3.4387,2.1636
1,4,2.8786,2.8396,2.6786,5,14.1273,14.3126,11.309
1,4,2.8789,2.8374,2.6559,1,5.1855,5.1537,2.5512
1,4,2.8789,2.8374,2.6559,2,8.0221,7.9042,4.2822
1,4,2.8789,2.8374,2.6559,3,17.0818,16.8441,6.6084
1,4,2.8789,2.8374,2.6559,4,3.4954,3.4565,2.1445
1,4,2.8789,2.8374,2.6559,5,14.2887,14.2007,10.8847
1,4,2.8477,2.8348,2.5551,1,5.1768,4.986,2.6025
1,4,2.8477,2.8348,2.5551,2,8.0145,8.194,4.5687
1,4,2.8477,2.8348,2.5551,3,16.8758,17.1959,6.8234
1,4,2.8477,2.8348,2.5551,4,3.4184,3.5198,2.1394
1,4,2.8477,2.8348,2.5551,5,14.3262,14.0232,11.4752
1,4,2.8395,2.8386,2.6697,1,5.1644,4.9897,2.7234
1,4,2.8395,2.8386,2.6697,2,7.8334,8.0859,4.4627
1,4,2.8395,2.8386,2.6697,3,16.9388,17.2935,6.7751
1,4,2.8395,2.8386,2.6697,4,3.45,3.5289,2.2272
1,4,2.8395,2.8386,2.6697,5,14.4322,14.0256,11.6667
1,4,2.8804,2.8351,2.6569,1,5.1767,5.1431,2.5199
1,4,2.8804,2.8351,2.6569,2,8.1454,7.9289,4.4398
1,4,2.8804,2.8351,2.6569,3,17.1154,16.8627,6.684
1,4,2.8804,2.8351,2.6569,4,3.4806,3.4805,2.0887
1,4,2.8804,2.8351,2.6569,5,14.5223,14.1263,11.1511
1,5,3.3195,3.2949,1.7267,1,17.1237,16.9927,10.0368
1,5,3.3195,3.2949,1.7267,2,24.8858,24.8226,4.834
1,5,3.3195,3.2949,1.7267,3,47.1605,46.7157,5.3708
1,5,3.3195,3.2949,1.7267,4,33.6263,33.0749,12.6599
1,5,3.3195,3.2949,1.7267,5,5.6861,5.5078,1.2803
1,5,3.3145,3.2879,1.8147,1,16.9806,17.4627,10.1012
1,5,3.3145,3.2879,1.8147,2,24.3033,24.9632,5.2778
1,5,3.3145,3.2879,1.8147,3,46.6397,47.2696,6.3634
1,5,3.3145,3.2879,1.8147,4,33.2825,33.6853,13.1726
1,5,3.3145,3.2879,1.8147,5,5.7219,5.8702,1.3153
1,5,3.3281,3.2934,1.7826,1,17.0041,17.4306,10.3202
1,5,3.3281,3.2934,1.7826,2,24.7058,25.1124,5.1181
1,5,3.3281,3.2934,1.7826,3,47.242,47.5959,5.8645
1,5,3.3281,3.2934,1.7826,4,33.5779,33.797,12.9104
1,5,3.3281,3.2934,1.7826,5,5.7302,5.9563,1.2796
1,5,3.328,3.2877,1.7583,1,17.0544,17.4014,9.9541
1,5,3.328,3.2877,1.7583,2,24.8178,24.9528,5.0655
1,5,3.328,3.2877,1.7583,3,47.3015,47.156,6.2183
1,5,3.328,3.2877,1.7583,4,33.5488,33.552,12.7849
1,5,3.328,3.2877,1.7583,5,5.7076,5.8607,1.2876
1,5,3.3241,3.285,1.7313,1,17.085,17.2052,10.3645
1,5,3.3241,3.285,1.7313,2,24.1142,25.0957,5.242
1,5,3.3241,3.285,1.7313,3,46.2177,46.9232,6.4632
1,5,3.3241,3.285,1.7313,4,33.2849,33.268,13.575
1,5,3.3241,3.285,1.7313,5,5.4414,5.731,1.256
2,1,3.0379,3.0431,1.5338,1,2.661,2.5885,1.608
2,1,3.0379,3.0431,1.5338,2,15.4289,15.188,3.5516
2,1,3.0379,3.0431,1.5338,3,31.1447,30.5458,6.8844
2,1,3.0379,3.0431,1.5338,4,8.7723,8.523,2.3691
2,1,3.0379,3.0431,1.5338,5,10.9883,10.7477,5.7101
2,1,3.0135,3.0463,1.5215,1,2.6636,2.5311,1.6008
2,1,3.0135,3.0463,1.5215,2,15.7281,15.059,4.53
2,1,3.0135,3.0463,1.5215,3,31.426,30.3541,8.8975
2,1,3.0135,3.0463,1.5215,4,8.8697,8.434,2.2574
2,1,3.0135,3.0463,1.5215,5,10.8003,10.7337,8.4902
2,1,3.0373,3.0454,1.5266,1,2.5913,2.5575,1.6119
2,1,3.0373,3.0454,1.5266,2,15.2249,15.2834,3.6878
2,1,3.0373,3.0454,1.5266,3,30.8497,30.7383,6.8907
2,1,3.0373,3.0454,1.5266,4,8.7911,8.5013,2.2987
2,1,3.0373,3.0454,1.5266,5,10.6538,10.8769,7.0626
2,1,3.0403,3.0481,1.5133,1,2.6119,2.6037,1.5406
2,1,3.0403,3.0481,1.5133,2,15.4399,14.883,4.7748
2,1,3.0403,3.0481,1.5133,3,30.9157,30.2816,10.1599
2,1,3.0403,3.0481,1.5133,4,8.8321,8.5238,2.3521
2,1,3.0403,3.0481,1.5133,5,10.6448,10.6324,7.3661
2,1,3.0892,3.045,1.4869,1,2.5785,2.6163,1.5584
2,1,3.0892,3.045,1.4869,2,15.5072,15.7194,4.1827
2,1,3.0892,3.045,1.4869,3,31.4616,31.7587,8.6464
2,1,3.0892,3.045,1.4869,4,8.916,9.0841,2.3707
2,1,3.0892,3.045,1.4869,5,10.7937,10.8993,5.5685
2,2,3.3113,3.3782,1.7274,1,9.5353,9.2441,1.8637
2,2,3.3113,3.3782,1.7274,2,3.3947,3.6336,1.6177
2,2,3.3113,3.3782,1.7274,3,12.9872,13.3835,2.927
2,2,3.3113,3.3782,1.7274,4,10.1706,10.124,2.7859
2,2,3.3113,3.3782,1.7274,5,6.9011,6.75,2.8827
2,2,3.3895,3.3799,1.6774,1,9.4305,9.7227,2.2892
2,2,3.3895,3.3799,1.6774,2,3.5752,3.4668,1.5681
2,2,3.3895,3.3799,1.6774,3,13.102,12.7941,2.9166
2,2,3.3895,3.3799,1.6774,4,10.0606,10.2625,2.5838
2,2,3.3895,3.3799,1.6774,5,6.7775,7.0046,3.5792
2,2,3.4264,3.382,1.7279,1,9.9133,9.3788,2.6363
2,2,3.4264,3.382,1.7279,2,3.4855,3.5938,1.6129
2,2,3.4264,3.382,1.7279,3,12.6246,13.2192,3.0344
2,2,3.4264,3.382,1.7279,4,10.2691,10.1448,2.5323
2,2,3.4264,3.382,1.7279,5,7.3504,6.7319,3.6078
2,2,3.3547,3.4016,1.7243,1,9.3112,9.2768,5.8859
2,2,3.3547,3.4016,1.7243,2,3.6112,3.7576,1.6061
2,2,3.3547,3.4016,1.7243,3,13.3454,13.6119,2.4753
2,2,3.3547,3.4016,1.7243,4,10.0858,10.2288,4.2662
2,2,3.3547,3.4016,1.7243,5,6.8223,6.6716,2.6777
2,2,3.4385,3.3861,1.697,1,9.4077,9.6105,2.4726
2,2,3.4385,3.3861,1.697,2,3.6906,3.577,1.6003
2,2,3.4385,3.3861,1.697,3,13.3374,13.0427,2.9294
2,2,3.4385,3.3861,1.697,4,10.182,10.1765,2.1134
2,2,3.4385,3.3861,1.697,5,7.1517,6.9746,3.459
2,3,3.1641,3.1785,2.7638,1,16.7216,16.4883,8.1064
2,3,3.1641,3.1785,2.7638,2,2.7656,2.8397,1.7601
2,3,3.1641,3.1785,2.7638,3,4.8107,4.9035,2.8918
2,3,3.1641,3.1785,2.7638,4,9.4937,9.4452,6.7384
2,3,3.1641,3.1785,2.7638,5,16.2481,15.6238,8.3567
2,3,3.1821,3.1747,2.7975,1,17.4476,16.5449,7.722
2,3,3.1821,3.1747,2.7975,2,2.87,2.8012,1.8504
2,3,3.1821,3.1747,2.7975,3,4.534,4.8906,2.7567
2,3,3.1821,3.1747,2.7975,4,9.9282,9.599,5.6587
2,3,3.1821,3.1747,2.7975,5,17.1426,15.481,6.7445
2,3,3.1627,3.1905,2.6871,1,16.7473,17.8251,7.9837
2,3,3.1627,3.1905,2.6871,2,2.8006,2.9509,1.7258
2,3,3.1627,3.1905,2.6871,3,4.7784,4.5399,2.7523
2,3,3.1627,3.1905,2.6871,4,9.575,10.2209,6.7149
2,3,3.1627,3.1905,2.6871,5,16.1234,16.8565,7.7323
2,3,3.1712,3.1727,2.6994,1,16.9516,16.8436,7.5916
2,3,3.1712,3.1727,2.6994,2,2.9265,2.8499,1.6526
2,3,3.1712,3.1727,2.6994,3,4.7339,4.8141,2.8198
2,3,3.1712,3.1727,2.6994,4,9.4035,9.7846,6.8593
2,3,3.1712,3.1727,2.6994,5,16.4906,15.8605,7.7758
2,3,3.1886,3.2016,2.8372,1,16.2913,17.7214,5.1416
2,3,3.1886,3.2016,2.8372,2,2.7684,2.97,2.1675
2,3,3.1886,3.2016,2.8372,3,4.9517,4.4439,3.5398
2,3,3.1886,3.2016,2.8372,4,9.1712,10.1783,6.0535
2,3,3.1886,3.2016,2.8372,5,16.0236,17.0267,5.7846
2,4,2.8666,2.8192,2.4544,1,5.076,5.265,2.7935
2,4,2.8666,2.8192,2.4544,2,7.9983,7.8207,2.7362
2,4,2.8666,2.8192,2.4544,3,17.1307,16.5106,4.7523
2,4,2.8666,2.8192,2.4544,4,3.4711,3.4712,2.0952
2,4,2.8666,2.8192,2.4544,5,14.0983,14.1996,7.0571
2,4,2.8342,2.8404,2.5212,1,5.2431,5.1793,2.7077
2,4,2.8342,2.8404,2.5212,2,7.5951,7.7847,2.7148
2,4,2.8342,2.8404,2.5212,3,16.5463,16.6142,5.0512
2,4,2.8342,2.8404,2.5212,4,3.4863,3.5446,2.1646
2,4,2.8342,2.8404,2.5212,5,14.1548,14.0492,5.7087
2,4,2.8518,2.7998,2.5971,1,5.1778,5.0401,2.8646
2,4,2.8518,2.7998,2.5971,2,8.1633,7.9866,2.8212
2,4,2.8518,2.7998,2.5971,3,17.3309,17.1596,5.3511
2,4,2.8518,2.7998,2.5971,4,3.5412,3.5625,2.4358
2,4,2.8518,2.7998,2.5971,5,14.2042,14.0144,6.5603
2,4,2.8727,2.828,2.5338,1,5.1971,5.1281,2.5449
2,4,2.8727,2.828,2.5338,2,8.042,8.1642,2.507
2,4,2.8727,2.828,2.5338,3,17.011,17.0885,4.762
2,4,2.8727,2.828,2.5338,4,3.4628,3.4816,2.1577
2,4,2.8727,2.828,2.5338,5,14.1974,14.2655,5.5555
2,4,2.8794,2.8429,2.5841,1,5.3421,4.9587,2.8202
2,4,2.8794,2.8429,2.5841,2,8.0358,8.0022,2.8386
2,4,2.8794,2.8429,2.5841,3,16.8068,17.2904,5.4003
2,4,2.8794,2.8429,2.5841,4,3.5011,3.5948,2.237
2,4,2.8794,2.8429,2.5841,5,14.2195,13.9863,6.0577
2,5,3.2869,3.2871,1.6078,1,17.1055,17.3809,4.584
2,5,3.2869,3.2871,1.6078,2,24.7557,25.1171,3.4611
2,5,3.2869,3.2871,1.6078,3,46.9463,47.4294,5.1057
2,5,3.2869,3.2871,1.6078,4,33.266,33.6303,6.6973
2,5,3.2869,3.2871,1.6078,5,5.7642,5.8743,1.1359
2,5,3.33,3.2963,1.7228,1,17.3881,17.5111,4.8867
2,5,3.33,3.2963,1.7228,2,25.1349,25.5656,3.3727
2,5,3.33,3.2963,1.7228,3,48.0013,48.0865,4.9475
2,5,3.33,3.2963,1.7228,4,34.2291,34.0546,5.4226
2,5,3.33,3.2963,1.7228,5,6.0036,6.1066,1.2365
2,5,3.2986,3.3057,1.7243,1,17.0493,17.8851,4.6992
2,5,3.2986,3.3057,1.7243,2,24.8273,25.7317,3.6315
2,5,3.2986,3.3057,1.7243,3,47.2772,48.408,5.9431
2,5,3.2986,3.3057,1.7243,4,33.3898,34.4882,5.767
2,5,3.2986,3.3057,1.7243,5,5.8147,6.279,1.2315
2,5,3.291,3.2881,1.6886,1,17.4223,17.3064,4.5838
2,5,3.291,3.2881,1.6886,2,24.7516,24.9047,3.4611
2,5,3.291,3.2881,1.6886,3,46.8988,46.6383,5.2912
2,5,3.291,3.2881,1.6886,4,33.496,33.2095,5.4927
2,5,3.291,3.2881,1.6886,5,5.7193,5.7351,1.2409
2,5,3.2948,3.2932,1.7353,1,17.228,17.0473,5.3208
2,5,3.2948,3.2932,1.7353,2,25.2747,24.4389,3.5446
2,5,3.2948,3.2932,1.7353,3,47.501,46.4001,5.4463
2,5,3.2948,3.2932,1.7353,4,33.582,33.0666,6.4066
2,5,3.2948,3.2932,1.7353,5,5.8069,5.5431,1.2904
3,1,3.0144,3.0498,1.5715,1,2.7674,2.6963,1.6088
3,1,3.0144,3.0498,1.5715,2,16.0785,15.1435,3.5137
3,1,3.0144,3.0498,1.5715,3,32.1133,30.4365,6.3127
3,1,3.0144,3.0498,1.5715,4,9.1196,8.5186,2.0245
3,1,3.0144,3.0498,1.5715,5,10.9872,10.8144,2.8958
3,1,3.0913,3.0473,1.5478,1,2.5999,2.5888,1.614
3,1,3.0913,3.0473,1.5478,2,15.695,15.7947,3.5199
3,1,3.0913,3.0473,1.5478,3,31.5898,31.8891,6.1811
3,1,3.0913,3.0473,1.5478,4,8.9154,9.0093,1.9305
3,1,3.0913,3.0473,1.5478,5,10.8721,11.0623,2.9127
3,1,3.0099,3.0545,1.5441,1,2.723,2.5789,1.6199
3,1,3.0099,3.0545,1.5441,2,15.697,15.6483,3.2651
3,1,3.0099,3.0545,1.5441,3,31.7345,31.3695,5.9572
3,1,3.0099,3.0545,1.5441,4,8.8974,8.8607,1.9923
3,1,3.0099,3.0545,1.5441,5,10.8989,10.8643,2.4923
3,1,2.9705,3.0495,1.5298,1,2.7526,2.6163,1.5852
3,1,2.9705,3.0495,1.5298,2,15.7264,15.3445,4.0083
3,1,2.9705,3.0495,1.5298,3,31.7267,30.7478,8.191
3,1,2.9705,3.0495,1.5298,4,8.8107,8.6621,2.1212
3,1,2.9705,3.0495,1.5298,5,10.7121,10.7684,2.3371
3,1,3.0448,3.0509,1.538,1,2.6058,2.6055,1.6178
3,1,3.0448,3.0509,1.538,2,15.1972,15.4614,3.2872
3,1,3.0448,3.0509,1.538,3,30.8219,31.2273,6.0614
3,1,3.0448,3.0509,1.538,4,8.666,8.9405,1.9843
3,1,3.0448,3.0509,1.538,5,10.8996,10.8023,2.6489
3,2,3.435,3.2563,1.7492,1,9.7718,9.6862,3.4069
3,2,3.435,3.2563,1.7492,2,3.5178,3.1173,2.0067
3,2,3.435,3.2563,1.7492,3,12.6419,12.821,3.6987
3,2,3.435,3.2563,1.7492,4,10.0487,10.0766,4.5427
3,2,3.435,3.2563,1.7492,5,7.1981,7.2536,2.8828
3,2,3.3804,3.3783,1.7628,1,9.5794,9.5604,2.5856
3,2,3.3804,3.3783,1.7628,2,3.4885,3.4933,2.0062
3,2,3.3804,3.3783,1.7628,3,12.8898,12.9117,4.0519
3,2,3.3804,3.3783,1.7628,4,10.1244,10.1252,3.5447
3,2,3.3804,3.3783,1.7628,5,6.9226,7.0301,2.326
3,2,3.2482,3.2461,1.8036,1,9.1825,9.2828,2.7282
3,2,3.2482,3.2461,1.8036,2,3.5127,3.3584,1.8204
3,2,3.2482,3.2461,1.8036,3,13.9008,13.7846,2.4678
3,2,3.2482,3.2461,1.8036,4,10.2612,10.1973,2.2313
3,2,3.2482,3.2461,1.8036,5,7.0027,7.0097,6.1781
3,2,3.3899,3.3905,1.7716,1,9.5616,9.2646,3.6093
3,2,3.3899,3.3905,1.7716,2,3.4464,3.5976,2.0161
3,2,3.3899,3.3905,1.7716,3,12.7843,13.2858,3.4676
3,2,3.3899,3.3905,1.7716,4,10.0173,9.9979,5.1622
3,2,3.3899,3.3905,1.7716,5,6.8963,6.8103,2.8724
3,2,3.2467,3.3862,1.9032,1,9.1536,9.3845,2.6165
3,2,3.2467,3.3862,1.9032,2,3.4759,3.613,1.7766
3,2,3.2467,3.3862,1.9032,3,13.7031,13.3309,2.352
3,2,3.2467,3.3862,1.9032,4,10.0931,10.2168,2.2195
3,2,3.2467,3.3862,1.9032,5,6.6648,6.7794,6.0762
3,3,3.1547,3.1679,3.0384,1,17.1564,17.0171,3.7579
3,3,3.1547,3.1679,3.0384,2,2.8463,3.0444,2.2288
3,3,3.1547,3.1679,3.0384,3,4.6765,4.7509,3.7547
3,3,3.1547,3.1679,3.0384,4,9.7422,9.8979,4.8161
3,3,3.1547,3.1679,3.0384,5,16.4679,15.7186,2.3321
3,3,3.1509,3.1816,2.8596,1,17.0343,16.6701,3.1034
3,3,3.1509,3.1816,2.8596,2,2.9263,2.8882,2.2147
3,3,3.1509,3.1816,2.8596,3,4.6964,4.8405,3.7027
3,3,3.1509,3.1816,2.8596,4,9.7135,9.5964,3.6461
3,3,3.1509,3.1816,2.8596,5,16.3855,15.5657,2.313
3,3,3.1663,3.1977,2.7479,1,17.6175,16.8805,4.8082
3,3,3.1663,3.1977,2.7479,2,3.0015,2.8417,2.1934
3,3,3.1663,3.1977,2.7479,3,4.5457,4.8315,2.3235
3,3,3.1663,3.1977,2.7479,4,9.9214,9.8445,3.0153
3,3,3.1663,3.1977,2.7479,5,16.8094,15.6238,3.8716
3,3,3.1649,3.1818,2.822,1,17.1133,16.3525,2.7819
3,3,3.1649,3.1818,2.822,2,2.8802,2.8103,2.0571
3,3,3.1649,3.1818,2.822,3,4.6991,4.9175,3.4441
3,3,3.1649,3.1818,2.822,4,9.7453,9.4252,4.1766
3,3,3.1649,3.1818,2.822,5,16.3902,15.5178,2.4721
3,3,3.1527,3.1754,2.8042,1,17.4148,16.9282,4.3002
3,3,3.1527,3.1754,2.8042,2,2.9422,2.8865,2.1071
3,3,3.1527,3.1754,2.8042,3,4.569,4.645,2.4207
3,3,3.1527,3.1754,2.8042,4,9.8728,9.752,2.9621
3,3,3.1527,3.1754,2.8042,5,16.6207,16.1583,2.7584
3,4,2.8242,2.8115,2.5287,1,5.0936,5.0802,2.0197
3,4,2.8242,2.8115,2.5287,2,7.9314,7.8384,2.2002
3,4,2.8242,2.8115,2.5287,3,16.9227,17.0853,4.0713
3,4,2.8242,2.8115,2.5287,4,3.5012,3.5199,2.6987
3,4,2.8242,2.8115,2.5287,5,13.9908,14.1126,4.3584
3,4,2.8703,2.8136,2.4834,1,5.1384,5.1441,2.397
3,4,2.8703,2.8136,2.4834,2,8.237,7.884,2.1747
3,4,2.8703,2.8136,2.4834,3,17.2487,16.9275,3.6905
3,4,2.8703,2.8136,2.4834,4,3.4656,3.4284,2.2858
3,4,2.8703,2.8136,2.4834,5,14.3235,14.2861,5.2441
3,4,2.8146,2.8432,2.5686,1,5.0247,5.0171,2.113
3,4,2.8146,2.8432,2.5686,2,8.0111,7.8923,2.7343
3,4,2.8146,2.8432,2.5686,3,17.3655,17.113,5.6995
3,4,2.8146,2.8432,2.5686,4,3.6139,3.6147,2.3851
3,4,2.8146,2.8432,2.5686,5,14.3196,13.9365,6.0465
3,4,2.8159,2.8426,2.469,1,5.1872,5.0871,2.3718
3,4,2.8159,2.8426,2.469,2,7.7676,7.9946,2.5775
3,4,2.8159,2.8426,2.469,3,16.6703,17.1009,3.6095
3,4,2.8159,2.8426,2.469,4,3.4942,3.4864,2.3381
3,4,2.8159,2.8426,2.469,5,14.1717,14.183,5.3424
3,4,2.8258,2.8197,2.5585,1,5.2552,5.1261,2.5359
3,4,2.8258,2.8197,2.5585,2,7.9712,7.9067,2.6689
3,4,2.8258,2.8197,2.5585,3,17.02,16.9855,4.0493
3,4,2.8258,2.8197,2.5585,4,3.629,3.4566,2.0412
3,4,2.8258,2.8197,2.5585,5,14.291,14.2701,7.278
3,5,3.2965,3.3006,1.7873,1,17.2644,16.7763,5.7078
3,5,3.2965,3.3006,1.7873,2,24.9973,24.0159,5.8846
3,5,3.2965,3.3006,1.7873,3,47.2548,45.8449,12.2364
3,5,3.2965,3.3006,1.7873,4,33.4858,32.6036,13.6232
3,5,3.2965,3.3006,1.7873,5,5.7476,5.392,1.4232
3,5,3.2867,3.2922,1.7273,1,17.367,17.3064,5.4423
3,5,3.2867,3.2922,1.7273,2,24.9243,24.7343,3.5371
3,5,3.2867,3.2922,1.7273,3,47.0906,47.1123,5.8527
3,5,3.2867,3.2922,1.7273,4,33.5252,33.5955,8.3096
3,5,3.2867,3.2922,1.7273,5,5.8032,5.8224,1.2089
3,5,3.2934,3.3045,1.7305,1,17.2536,17.158,8.4534
3,5,3.2934,3.3045,1.7305,2,24.6263,24.6397,3.0993
3,5,3.2934,3.3045,1.7305,3,46.6183,47.008,3.5131
3,5,3.2934,3.3045,1.7305,4,33.2256,33.4602,8.1103
3,5,3.2934,3.3045,1.7305,5,5.727,5.6816,1.1438
3,5,3.2894,3.3027,1.7763,1,17.3157,17.5264,4.5267
3,5,3.2894,3.3027,1.7763,2,24.6423,25.4535,3.6207
3,5,3.2894,3.3027,1.7763,3,46.9495,48.1869,5.3376
3,5,3.2894,3.3027,1.7763,4,33.472,34.1813,5.7322
3,5,3.2894,3.3027,1.7763,5,5.7014,6.1021,1.43
3,5,3.3041,3.2929,1.696,1,17.1552,17.5272,5.3629
3,5,3.3041,3.2929,1.696,2,24.8712,25.7685,4.2472
3,5,3.3041,3.2929,1.696,3,47.2447,48.0681,7.4842
3,5,3.3041,3.2929,1.696,4,33.4754,33.9333,7.9688
3,5,3.3041,3.2929,1.696,5,5.7389,6.0256,1.3385
4,1,3.0195,2.9807,1.5865,1,2.6364,2.8188,1.6273
4,1,3.0195,2.9807,1.5865,2,15.518,15.8888,4.3314
4,1,3.0195,2.9807,1.5865,3,31.283,32.5864,8.5228
4,1,3.0195,2.9807,1.5865,4,8.8433,9.1816,2.5775
4,1,3.0195,2.9807,1.5865,5,10.74,10.9991,3.1429
4,1,2.9645,3.0438,1.5819,1,2.7177,2.6327,1.8049
4,1,2.9645,3.0438,1.5819,2,15.3832,15.3779,2.8532
4,1,2.9645,3.0438,1.5819,3,31.2936,30.9945,5.6249
4,1,2.9645,3.0438,1.5819,4,8.4934,8.8497,1.9687
4,1,2.9645,3.0438,1.5819,5,10.9946,10.7391,5.0649
4,1,2.9399,3.0519,1.523,1,2.8986,2.5766,1.5181
4,1,2.9399,3.0519,1.523,2,16.0678,16.07,2.6693
4,1,2.9399,3.0519,1.523,3,32.0349,31.987,4.214
4,1,2.9399,3.0519,1.523,4,8.8677,9.1192,2.0155
4,1,2.9399,3.0519,1.523,5,10.7426,10.9219,2.2139
4,1,2.9229,3.0413,1.5235,1,2.8353,2.5731,1.4959
4,1,2.9229,3.0413,1.5235,2,15.5216,15.4694,5.839
4,1,2.9229,3.0413,1.5235,3,32.1544,31.12,10.4137
4,1,2.9229,3.0413,1.5235,4,8.8863,8.7679,1.9553
4,1,2.9229,3.0413,1.5235,5,10.8363,10.8229,6.2313
4,1,2.953,3.047,1.5328,1,2.755,2.5497,1.58
4,1,2.953,3.047,1.5328,2,15.7766,15.3049,3.0669
4,1,2.953,3.047,1.5328,3,32.1162,31.0075,5.2244
4,1,2.953,3.047,1.5328,4,8.9298,8.7877,1.9697
4,1,2.953,3.047,1.5328,5,10.9928,10.7488,3.2038
4,2,3.3529,3.3969,1.8753,1,9.5055,9.5784,3.5229
4,2,3.3529,3.3969,1.8753,2,3.6915,3.555,1.8079
4,2,3.3529,3.3969,1.8753,3,13.8292,13.0541,2.5519
4,2,3.3529,3.3969,1.8753,4,10.2231,10.2355,2.8733
4,2,3.3529,3.3969,1.8753,5,7.14,7.156,4.2864
4,2,3.2401,3.3944,1.8884,1,9.1587,9.3533,3.3182
4,2,3.2401,3.3944,1.8884,2,3.4814,3.7165,2.0106
4,2,3.2401,3.3944,1.8884,3,13.8529,13.3146,2.8204
4,2,3.2401,3.3944,1.8884,4,10.1772,10.136,2.4433
4,2,3.2401,3.3944,1.8884,5,6.9591,6.9012,5.8678
4,2,3.2404,3.2383,1.8501,1,9.6066,9.3821,3.4043
4,2,3.2404,3.2383,1.8501,2,3.1461,3.436,1.8686
4,2,3.2404,3.2383,1.8501,3,13.0081,13.822,2.7807
4,2,3.2404,3.2383,1.8501,4,10.2864,10.2714,2.44
4,2,3.2404,3.2383,1.8501,5,6.9229,6.9947,4.795
4,2,3.1696,3.384,1.7196,1,9.0814,9.6527,2.8231
4,2,3.1696,3.384,1.7196,2,3.4735,3.4376,1.947
4,2,3.1696,3.384,1.7196,3,14.052,12.7669,3.2846
4,2,3.1696,3.384,1.7196,4,10.1804,10.1118,2.5849
4,2,3.1696,3.384,1.7196,5,7.0148,7.0969,3.0724
4,2,3.2435,3.3906,1.8026,1,9.4059,9.7371,2.6187
4,2,3.2435,3.3906,1.8026,2,3.3033,3.4265,2.3044
4,2,3.2435,3.3906,1.8026,3,13.251,12.5382,5.176
4,2,3.2435,3.3906,1.8026,4,10.0027,10.0171,4.9528
4,2,3.2435,3.3906,1.8026,5,7.0929,7.1854,4.5968
4,3,3.1546,3.1696,2.7761,1,16.7887,17.6647,2.0008
4,3,3.1546,3.1696,2.7761,2,2.9535,2.9595,2.0731
4,3,3.1546,3.1696,2.7761,3,4.8063,4.5153,3.7301
4,3,3.1546,3.1696,2.7761,4,9.5488,10.1732,2.8338
4,3,3.1546,3.1696,2.7761,5,16.1142,16.6945,3.3689
4,3,3.2157,3.1775,2.7571,1,17.2048,17.008,4.7324
4,3,3.2157,3.1775,2.7571,2,3.0005,2.9405,2.2688
4,3,3.2157,3.1775,2.7571,3,4.7705,4.6657,3.5281
4,3,3.2157,3.1775,2.7571,4,9.6922,9.7805,4.5032
4,3,3.2157,3.1775,2.7571,5,16.5325,16.1502,6.6388
4,3,3.1522,3.1782,2.9197,1,16.8847,17.473,3.3439
4,3,3.1522,3.1782,2.9197,2,2.8422,2.8683,2.474
4,3,3.1522,3.1782,2.9197,3,4.765,4.5535,3.7636
4,3,3.1522,3.1782,2.9197,4,9.6668,10.1888,2.2013
4,3,3.1522,3.1782,2.9197,5,16.1439,16.4813,4.8449
4,3,3.1633,3.1905,2.8474,1,16.6542,17.1948,4.012
4,3,3.1633,3.1905,2.8474,2,2.9321,2.9731,2.1512
4,3,3.1633,3.1905,2.8474,3,4.8257,4.6024,3.4621
4,3,3.1633,3.1905,2.8474,4,9.2956,9.7938,4.5998
4,3,3.1633,3.1905,2.8474,5,16.2033,16.4974,3.2155
4,3,3.0727,3.1923,2.7921,1,17.0912,17.2326,3.6123
4,3,3.0727,3.1923,2.7921,2,2.9905,2.8924,2.2679
4,3,3.0727,3.1923,2.7921,3,5.077,4.6837,3.0896
4,3,3.0727,3.1923,2.7921,4,9.8961,9.8156,3.216
4,3,3.0727,3.1923,2.7921,5,16.0863,16.4394,4.0809
4,4,2.7951,2.7981,2.5539,1,5.2158,5.0203,2.8744
4,4,2.7951,2.7981,2.5539,2,7.7125,8.0883,2.2787
4,4,2.7951,2.7981,2.5539,3,16.8243,17.2906,3.1786
4,4,2.7951,2.7981,2.5539,4,3.5543,3.5223,2.18
4,4,2.7951,2.7981,2.5539,5,14.4304,14.1089,6.4474
4,4,2.7868,2.8103,2.5719,1,5.0984,5.3225,2.1938
4,4,2.7868,2.8103,2.5719,2,7.7193,7.8168,3.0286
4,4,2.7868,2.8103,2.5719,3,17.0087,16.7717,6.7463
4,4,2.7868,2.8103,2.5719,4,3.582,3.5173,2.2619
4,4,2.7868,2.8103,2.5719,5,14.2086,14.4869,3.9779
4,4,2.8514,2.8526,2.5027,1,5.272,4.9361,3.26
4,4,2.8514,2.8526,2.5027,2,8.1152,8.1754,1.7834
4,4,2.8514,2.8526,2.5027,3,17.0799,17.5139,2.5553
4,4,2.8514,2.8526,2.5027,4,3.5107,3.5206,2.1214
4,4,2.8514,2.8526,2.5027,5,14.2754,14.0976,6.3683
4,4,2.816,2.8576,2.5411,1,4.9387,5.12,3.0758
4,4,2.816,2.8576,2.5411,2,7.9335,7.8386,2.062
4,4,2.816,2.8576,2.5411,3,17.3193,16.932,3.6178
4,4,2.816,2.8576,2.5411,4,3.5586,3.5853,2.0206
4,4,2.816,2.8576,2.5411,5,13.9954,14.1192,5.0213
4,4,2.8052,2.8333,2.6133,1,5.1239,5.0889,3.1005
4,4,2.8052,2.8333,2.6133,2,7.9592,8.0405,1.6642
4,4,2.8052,2.8333,2.6133,3,17.0477,16.9892,2.3469
4,4,2.8052,2.8333,2.6133,4,3.5268,3.4475,2.1146
4,4,2.8052,2.8333,2.6133,5,14.2535,14.2306,6.1557
4,5,3.2786,3.3202,1.7985,1,17.3305,17.1249,5.0653
4,5,3.2786,3.3202,1.7985,2,25.0328,24.2703,4.0728
4,5,3.2786,3.3202,1.7985,3,47.572,46.726,5.9192
4,5,3.2786,3.3202,1.7985,4,33.5756,33.2414,6.3947
4,5,3.2786,3.3202,1.7985,5,5.9373,5.6647,1.674
4,5,3.2804,3.2892,1.7947,1,17.2512,17.2654,9.349
4,5,3.2804,3.2892,1.7947,2,24.746,24.5651,7.9725
4,5,3.2804,3.2892,1.7947,3,47.1922,46.4965,13.9574
4,5,3.2804,3.2892,1.7947,4,33.3192,33.0818,20.9328
4,5,3.2804,3.2892,1.7947,5,5.9489,5.6252,1.5352
4,5,3.2888,3.3033,1.7361,1,17.5438,17.2874,18.0913
4,5,3.2888,3.3033,1.7361,2,25.0871,25.0784,11.4185
4,5,3.2888,3.3033,1.7361,3,47.3324,47.3753,18.9835
4,5,3.2888,3.3033,1.7361,4,33.656,33.6762,38.5588
4,5,3.2888,3.3033,1.7361,5,5.9095,5.7239,1.3991
4,5,3.3043,3.3056,1.7983,1,17.0446,16.8649,5.3359
4,5,3.3043,3.3056,1.7983,2,24.7781,24.2327,4.088
4,5,3.3043,3.3056,1.7983,3,47.1568,46.149,6.5768
4,5,3.3043,3.3056,1.7983,4,33.4839,32.7632,7.0633
4,5,3.3043,3.3056,1.7983,5,5.7367,5.4793,1.6442
4,5,3.2902,3.2947,1.7177,1,17.1939,17.5058,8.9677
4,5,3.2902,3.2947,1.7177,2,24.7322,25.287,3.8448
4,5,3.2902,3.2947,1.7177,3,46.8456,47.5939,5.1489
4,5,3.2902,3.2947,1.7177,4,33.2573,33.7608,9.7926
4,5,3.2902,3.2947,1.7177,5,5.7643,5.8893,1.3035
5,1,2.8932,2.9251,1.6494,1,2.8476,2.998,1.8856
5,1,2.8932,2.9251,1.6494,2,16.7909,16.6438,5.7593
5,1,2.8932,2.9251,1.6494,3,32.341,33.4102,9.1193
5,1,2.8932,2.9251,1.6494,4,8.8942,9.2625,3.8358
5,1,2.8932,2.9251,1.6494,5,10.8007,11.1874,13.5646
5,1,2.8984,2.9131,1.6565,1,2.9912,2.8851,1.9637
5,1,2.8984,2.9131,1.6565,2,17.1243,16.2473,7.8291
5,1,2.8984,2.9131,1.6565,3,32.9699,31.9641,12.2004
5,1,2.8984,2.9131,1.6565,4,9.1267,9.045,2.3317
5,1,2.8984,2.9131,1.6565,5,11.0416,10.7149,31.8883
5,1,2.8928,2.9149,1.7397,1,2.8583,2.9513,2.1887
5,1,2.8928,2.9149,1.7397,2,16.7365,15.419,4.9467
5,1,2.8928,2.9149,1.7397,3,32.0363,31.8888,11.875
5,1,2.8928,2.9149,1.7397,4,8.7689,8.8746,2.7412
5,1,2.8928,2.9149,1.7397,5,10.7891,10.797,14.2165
5,1,2.9059,2.906,1.6326,1,2.9204,2.7941,1.8343
5,1,2.9059,2.906,1.6326,2,16.9286,15.7099,7.0049
5,1,2.9059,2.906,1.6326,3,31.9395,31.7354,12.8577
5,1,2.9059,2.906,1.6326,4,8.7207,8.6772,2.6877
5,1,2.9059,2.906,1.6326,5,10.6685,10.8669,20.0163
5,1,2.9182,2.9023,1.5986,1,2.919,2.8118,1.9742
5,1,2.9182,2.9023,1.5986,2,14.9848,15.8549,4.3325
5,1,2.9182,2.9023,1.5986,3,32.1805,31.69,10.3883
5,1,2.9182,2.9023,1.5986,4,8.9979,8.68,2.8048
5,1,2.9182,2.9023,1.5986,5,10.9204,10.7776,7.1575
5,2,3.0487,3.1364,1.904,1,10.0835,9.5939,3.0299
5,2,3.0487,3.1364,1.904,2,3.653,3.488,2.3207
5,2,3.0487,3.1364,1.904,3,13.8145,13.6556,5.2429
5,2,3.0487,3.1364,1.904,4,10.6897,10.2598,9.9698
5,2,3.0487,3.1364,1.904,5,7.6977,6.9148,5.4326
5,2,3.1174,3.1317,1.7473,1,9.3272,9.5836,5.8981
5,2,3.1174,3.1317,1.7473,2,3.5025,3.5034,2.1463
5,2,3.1174,3.1317,1.7473,3,13.792,14.2193,4.0807
5,2,3.1174,3.1317,1.7473,4,10.0496,10.5083,5.3211
5,2,3.1174,3.1317,1.7473,5,7.118,7.0096,12.2428
5,2,3.1339,3.2104,1.9364,1,9.3983,9.5455,4.7217
5,2,3.1339,3.2104,1.9364,2,3.3708,3.5485,2.3034
5,2,3.1339,3.2104,1.9364,3,14.1086,14.5415,4.0267
5,2,3.1339,3.2104,1.9364,4,10.3431,10.6267,6.1694
5,2,3.1339,3.2104,1.9364,5,7.432,7.1914,3.0192
5,2,3.0825,3.2056,1.9623,1,9.4044,9.3329,6.5419
5,2,3.0825,3.2056,1.9623,2,4.1015,3.3008,2.1791
5,2,3.0825,3.2056,1.9623,3,14.9348,13.7985,3.7193
5,2,3.0825,3.2056,1.9623,4,10.7323,10.0771,10.8658
5,2,3.0825,3.2056,1.9623,5,8.0463,7.2491,2.435
5,2,3.1229,3.1614,1.8021,1,9.4914,9.4382,3.504
5,2,3.1229,3.1614,1.8021,2,3.5182,3.3471,1.9066
5,2,3.1229,3.1614,1.8021,3,14.3165,13.9081,3.4798
5,2,3.1229,3.1614,1.8021,4,10.3761,10.223,4.6594
5,2,3.1229,3.1614,1.8021,5,7.1976,7.2171,5.7011
5,3,3.0248,3.0631,2.9292,1,17.4767,16.8376,3.5202
5,3,3.0248,3.0631,2.9292,2,3.0167,2.7091,2.64
5,3,3.0248,3.0631,2.9292,3,4.8343,4.8891,2.4543
5,3,3.0248,3.0631,2.9292,4,9.9689,9.942,2.5404
5,3,3.0248,3.0631,2.9292,5,16.9348,16.1127,6.5798
5,3,3.0556,2.9891,2.9046,1,17.3234,17.5357,10.5829
5,3,3.0556,2.9891,2.9046,2,2.9548,2.8062,1.703
5,3,3.0556,2.9891,2.9046,3,4.8267,4.8832,3.7316
5,3,3.0556,2.9891,2.9046,4,10.1287,10.2523,5.1307
5,3,3.0556,2.9891,2.9046,5,16.7055,16.6551,6.8843
5,3,3.0942,3.0294,2.8844,1,17.8021,16.8583,8.1637
5,3,3.0942,3.0294,2.8844,2,2.8552,2.6703,1.9571
5,3,3.0942,3.0294,2.8844,3,4.8147,5.2146,3.3185
5,3,3.0942,3.0294,2.8844,4,10.272,9.883,2.4336
5,3,3.0942,3.0294,2.8844,5,16.8439,16.3382,13.2145
5,3,3.0455,3.0121,2.988,1,16.6908,16.5315,6.5974
5,3,3.0455,3.0121,2.988,2,2.8335,2.7335,2.2137
5,3,3.0455,3.0121,2.988,3,5.0898,5.167,3.6723
5,3,3.0455,3.0121,2.988,4,9.687,9.6666,3.0979
5,3,3.0455,3.0121,2.988,5,16.4837,15.9875,7.5486
5,3,3.0201,3.0173,2.9316,1,17.2026,17.4956,7.5469
5,3,3.0201,3.0173,2.9316,2,2.7684,2.8643,2.4498
5,3,3.0201,3.0173,2.9316,3,5.2179,4.9867,3.2635
5,3,3.0201,3.0173,2.9316,4,10.1079,9.9719,3.0903
5,3,3.0201,3.0173,2.9316,5,16.5108,16.8898,10.6087
5,4,2.7853,2.7759,2.6938,1,5.1625,4.908,3.0717
5,4,2.7853,2.7759,2.6938,2,7.9643,8.0282,2.5686
5,4,2.7853,2.7759,2.6938,3,17.1212,17.4605,7.2485
5,4,2.7853,2.7759,2.6938,4,3.3958,3.5556,2.0653
5,4,2.7853,2.7759,2.6938,5,14.5734,14.0523,6.0654
5,4,2.6622,2.7769,2.7437,1,5.2252,5.0304,2.6157
5,4,2.6622,2.7769,2.7437,2,7.7446,7.7896,7.7347
5,4,2.6622,2.7769,2.7437,3,17.4745,17.3641,14.0633
5,4,2.6622,2.7769,2.7437,4,3.857,3.6283,2.5819
5,4,2.6622,2.7769,2.7437,5,14.3208,14.1247,18.0971
5,4,2.6243,2.7784,2.7432,1,5.139,5.154,2.8477
5,4,2.6243,2.7784,2.7432,2,8.3451,7.7328,5.1071
5,4,2.6243,2.7784,2.7432,3,17.7209,17.025,16.4591
5,4,2.6243,2.7784,2.7432,4,3.912,3.5775,2.3053
5,4,2.6243,2.7784,2.7432,5,14.3484,14.1826,14.4927
5,4,2.767,2.7741,2.6483,1,5.1178,5.1887,3.086
5,4,2.767,2.7741,2.6483,2,7.6375,7.6025,4.1292
5,4,2.767,2.7741,2.6483,3,17.3707,16.7764,9.7868
5,4,2.767,2.7741,2.6483,4,3.6979,3.487,2.5979
5,4,2.767,2.7741,2.6483,5,14.2579,14.1729,7.1528
5,4,2.683,2.7717,2.6646,1,5.7515,4.9403,3.4572
5,4,2.683,2.7717,2.6646,2,7.2334,7.815,3.5199
5,4,2.683,2.7717,2.6646,3,16.9942,17.3158,5.5565
5,4,2.683,2.7717,2.6646,4,4.1342,3.6836,2.1337
5,4,2.683,2.7717,2.6646,5,14.8199,13.9649,8.5581
5,5,3.2546,3.2355,1.7299,1,17.4626,17.339,12.6517
5,5,3.2546,3.2355,1.7299,2,26.14,24.877,3.723
5,5,3.2546,3.2355,1.7299,3,47.8772,47.0229,5.775
5,5,3.2546,3.2355,1.7299,4,33.5826,32.9949,23.1974
5,5,3.2546,3.2355,1.7299,5,5.7343,5.8694,1.6916
5,5,3.2686,3.2511,1.8433,1,17.3142,17.4089,15.2554
5,5,3.2686,3.2511,1.8433,2,25.0935,23.9396,15.3141
5,5,3.2686,3.2511,1.8433,3,47.2485,46.2404,44.8776
5,5,3.2686,3.2511,1.8433,4,33.1022,32.4369,24.7278
5,5,3.2686,3.2511,1.8433,5,5.6878,5.6311,1.9528
5,5,3.2983,3.24,1.8716,1,17.3165,17.4011,13.1715
5,5,3.2983,3.24,1.8716,2,25.077,23.9871,9.6204
5,5,3.2983,3.24,1.8716,3,46.8408,46.838,18.1675
5,5,3.2983,3.24,1.8716,4,33.3226,32.8871,31.5529
5,5,3.2983,3.24,1.8716,5,5.6108,5.7318,1.945
5,5,3.2635,3.2405,1.7946,1,17.2626,17.5269,5.1838
5,5,3.2635,3.2405,1.7946,2,25.3159,24.1397,3.4906
5,5,3.2635,3.2405,1.7946,3,47.5157,46.6489,4.3865
5,5,3.2635,3.2405,1.7946,4,33.1639,32.8278,4.9797
5,5,3.2635,3.2405,1.7946,5,5.7212,5.7925,1.7166
5,5,3.2513,3.2324,1.804,1,17.3773,17.2912,7.6592
5,5,3.2513,3.2324,1.804,2,25.7548,26.4172,8.3927
5,5,3.2513,3.2324,1.804,3,47.352,47.4213,20.0961
5,5,3.2513,3.2324,1.804,4,33.3704,32.9186,8.4959
5,5,3.2513,3.2324,1.804,5,5.7601,5.5099,1.5765
