1,11,5.7367,5.6712,4.5737,11,5.4421,5.4284,4.3437
1,11,5.7367,5.6712,4.5737,12,42.1262,36.7572,32.8382
1,11,5.7367,5.6712,4.5737,13,40.5386,36.4381,18.5313
1,11,5.7367,5.6712,4.5737,14,37.0021,33.4627,17.8758
1,11,5.7367,5.6712,4.5737,15,27.7644,24.0813,18.4351
1,11,5.6921,5.6726,4.7445,11,5.5698,5.4909,4.3048
1,11,5.6921,5.6726,4.7445,12,42.8058,42.307,26.946
1,11,5.6921,5.6726,4.7445,13,38.1635,37.4663,19.8646
1,11,5.6921,5.6726,4.7445,14,36.151,34.4043,16.504
1,11,5.6921,5.6726,4.7445,15,27.5668,25.6658,18.4912
1,11,5.678,5.6826,4.7865,11,5.5106,5.5276,4.5055
1,11,5.678,5.6826,4.7865,12,39.7031,38.594,34.1171
1,11,5.678,5.6826,4.7865,13,37.0021,37.0154,21.5639
1,11,5.678,5.6826,4.7865,14,34.4279,33.4242,19.1922
1,11,5.678,5.6826,4.7865,15,25.8224,25.0688,20.2597
1,11,5.7135,5.6838,4.7202,11,5.5098,5.4154,4.5273
1,11,5.7135,5.6838,4.7202,12,48.364,41.2379,25.6211
1,11,5.7135,5.6838,4.7202,13,45.0449,38.5444,18.5154
1,11,5.7135,5.6838,4.7202,14,40.6865,35.4021,15.5404
1,11,5.7135,5.6838,4.7202,15,30.0011,25.4776,17.554
1,11,5.7071,5.7041,4.4409,11,5.5143,5.6228,4.282
1,11,5.7071,5.7041,4.4409,12,50.382,46.7431,28.691
1,11,5.7071,5.7041,4.4409,13,41.3272,37.3296,18.7003
1,11,5.7071,5.7041,4.4409,14,38.2107,34.2745,16.9078
1,11,5.7071,5.7041,4.4409,15,28.4074,26.5294,18.0789
1,12,7.1314,7.4278,6.9402,11,42.2145,42.762,14.7867
1,12,7.1314,7.4278,6.9402,12,13.8979,15.2822,9.6681
1,12,7.1314,7.4278,6.9402,13,19.4555,17.9539,5.6991
1,12,7.1314,7.4278,6.9402,14,13.7098,13.1327,5.3844
1,12,7.1314,7.4278,6.9402,15,8.7261,7.6428,10.7797
1,12,7.2862,7.436,7.0645,11,40.1418,42.9802,13.4647
1,12,7.2862,7.436,7.0645,12,12.0404,14.2051,10.5006
1,12,7.2862,7.436,7.0645,13,16.6524,16.8244,5.8755
1,12,7.2862,7.436,7.0645,14,11.4848,12.2842,5.3517
1,12,7.2862,7.436,7.0645,15,8.1929,7.6047,10.5254
1,12,7.3317,7.4432,6.8709,11,42.9362,41.8398,15.0507
1,12,7.3317,7.4432,6.8709,12,12.4838,14.3799,10.1815
1,12,7.3317,7.4432,6.8709,13,16.0908,16.8175,5.6118
1,12,7.3317,7.4432,6.8709,14,11.6277,12.039,5.1512
1,12,7.3317,7.4432,6.8709,15,7.7727,7.4929,9.7489
1,12,7.0544,7.2178,6.7059,11,41.5705,46.0574,13.3912
1,12,7.0544,7.2178,6.7059,12,11.1081,11.1696,9.8085
1,12,7.0544,7.2178,6.7059,13,18.0446,18.1424,5.5123
1,12,7.0544,7.2178,6.7059,14,13.139,15.1877,4.9936
1,12,7.0544,7.2178,6.7059,15,9.3335,8.0529,9.949
1,12,7.3372,7.4206,7.1536,11,39.8084,42.635,14.7272
1,12,7.3372,7.4206,7.1536,12,9.5606,14.696,9.8596
1,12,7.3372,7.4206,7.1536,13,15.347,17.732,5.9926
1,12,7.3372,7.4206,7.1536,14,10.2557,13.0927,5.7129
1,12,7.3372,7.4206,7.1536,15,9.1149,7.5177,10.9476
1,13,5.7512,5.8482,3.5719,11,57.1218,57.5731,6.2226
1,13,5.7512,5.8482,3.5719,12,27.6132,21.2162,17.6368
1,13,5.7512,5.8482,3.5719,13,7.9871,8.5011,5.6191
1,13,5.7512,5.8482,3.5719,14,7.3029,6.8042,5.6531
1,13,5.7512,5.8482,3.5719,15,9.1521,8.8776,8.974
1,13,5.6648,5.8901,3.5772,11,54.0047,58.8348,6.8784
1,13,5.6648,5.8901,3.5772,12,23.6359,25.3095,16.9097
1,13,5.6648,5.8901,3.5772,13,8.0769,8.2291,5.3248
1,13,5.6648,5.8901,3.5772,14,6.9271,6.8431,5.5369
1,13,5.6648,5.8901,3.5772,15,8.6955,8.7526,9.2521
1,13,5.761,5.8833,3.6093,11,57.8574,59.2908,6.3643
1,13,5.761,5.8833,3.6093,12,26.7114,30.0495,19.9167
1,13,5.761,5.8833,3.6093,13,7.9905,8.5226,5.7967
1,13,5.761,5.8833,3.6093,14,7.091,7.2349,5.959
1,13,5.761,5.8833,3.6093,15,9.0792,8.9003,9.247
1,13,5.7159,5.8634,3.5993,11,56.5894,56.2255,5.1712
1,13,5.7159,5.8634,3.5993,12,24.4516,20.643,17.1348
1,13,5.7159,5.8634,3.5993,13,8.1736,8.5258,5.4467
1,13,5.7159,5.8634,3.5993,14,6.9562,6.6384,5.6295
1,13,5.7159,5.8634,3.5993,15,9.2065,9.0155,9.1293
1,13,5.7581,5.8518,3.5212,11,57.2236,57.8046,5.9696
1,13,5.7581,5.8518,3.5212,12,25.709,24.2295,18.2187
1,13,5.7581,5.8518,3.5212,13,7.8933,8.5309,5.6392
1,13,5.7581,5.8518,3.5212,14,7.1527,6.9212,5.695
1,13,5.7581,5.8518,3.5212,15,9.3746,9.0198,9.1019
1,14,6.0504,6.1003,4.8323,11,58.2031,57.0023,14.5885
1,14,6.0504,6.1003,4.8323,12,14.4416,13.369,13.2156
1,14,6.0504,6.1003,4.8323,13,8.0372,8.5523,7.0025
1,14,6.0504,6.1003,4.8323,14,5.795,5.6871,4.8601
1,14,6.0504,6.1003,4.8323,15,8.509,9.1362,10.3389
1,14,6.0528,6.1034,4.7564,11,57.9467,56.5105,15.2715
1,14,6.0528,6.1034,4.7564,12,14.3515,12.864,12.0288
1,14,6.0528,6.1034,4.7564,13,8.2901,8.4939,6.0866
1,14,6.0528,6.1034,4.7564,14,5.7485,5.6847,4.902
1,14,6.0528,6.1034,4.7564,15,8.5607,9.0541,10.0043
1,14,5.9103,6.1453,4.7696,11,55.4858,59.074,15.8894
1,14,5.9103,6.1453,4.7696,12,13.6564,14.1488,12.5311
1,14,5.9103,6.1453,4.7696,13,8.4907,8.6442,5.6501
1,14,5.9103,6.1453,4.7696,14,5.6085,5.8049,4.7709
1,14,5.9103,6.1453,4.7696,15,8.7119,8.7563,9.806
1,14,6.0618,5.9932,4.7412,11,58.9193,60.1782,16.0778
1,14,6.0618,5.9932,4.7412,12,13.6119,15.0961,12.9412
1,14,6.0618,5.9932,4.7412,13,8.5756,8.7821,5.5712
1,14,6.0618,5.9932,4.7412,14,5.6997,5.6942,4.7668
1,14,6.0618,5.9932,4.7412,15,8.4475,8.2945,9.2785
1,14,6.0628,6.1061,4.8711,11,60.2431,55.0192,15.3636
1,14,6.0628,6.1061,4.8711,12,13.6617,13.2877,12.0896
1,14,6.0628,6.1061,4.8711,13,8.5177,8.2518,6.5817
1,14,6.0628,6.1061,4.8711,14,5.7832,5.7049,4.9189
1,14,6.0628,6.1061,4.8711,15,8.7701,8.9611,10.2762
1,15,5.0731,5.4725,5.471,11,37.7551,36.4147,13.0126
1,15,5.0731,5.4725,5.471,12,23.8454,23.543,13.957
1,15,5.0731,5.4725,5.471,13,15.3262,13.8301,4.3564
1,15,5.0731,5.4725,5.471,14,13.027,11.4596,4.6108
1,15,5.0731,5.4725,5.471,15,5.8986,6.2071,6.2408
1,15,5.0827,5.4753,5.7638,11,39.9717,39.5285,10.1268
1,15,5.0827,5.4753,5.7638,12,23.9083,22.0936,14.8637
1,15,5.0827,5.4753,5.7638,13,14.7273,12.6981,4.5629
1,15,5.0827,5.4753,5.7638,14,11.8175,10.0171,4.8368
1,15,5.0827,5.4753,5.7638,15,5.8269,6.0629,6.6931
1,15,5.057,5.4734,5.5998,11,38.435,36.8098,11.5714
1,15,5.057,5.4734,5.5998,12,25.9253,25.3428,13.9841
1,15,5.057,5.4734,5.5998,13,15.873,14.0274,4.5092
1,15,5.057,5.4734,5.5998,14,13.3741,11.5778,4.6438
1,15,5.057,5.4734,5.5998,15,5.9169,6.2109,6.4218
1,15,5.1016,5.4632,5.5356,11,39.2043,37.4823,10.4743
1,15,5.1016,5.4632,5.5356,12,23.4893,17.7371,13.9078
1,15,5.1016,5.4632,5.5356,13,14.4054,12.215,4.4281
1,15,5.1016,5.4632,5.5356,14,11.5444,10.6867,4.6383
1,15,5.1016,5.4632,5.5356,15,5.8068,5.9983,6.4125
1,15,5.052,5.4598,5.7785,11,38.2718,37.5339,11.6732
1,15,5.052,5.4598,5.7785,12,23.152,23.4589,14.2689
1,15,5.052,5.4598,5.7785,13,15.2981,13.7338,4.5637
1,15,5.052,5.4598,5.7785,14,13.2521,10.9932,4.7677
1,15,5.052,5.4598,5.7785,15,5.8273,6.1714,6.613
2,11,5.4862,5.6266,4.8978,11,5.3939,5.2397,4.7025
2,11,5.4862,5.6266,4.8978,12,87.3816,55.0278,20.7501
2,11,5.4862,5.6266,4.8978,13,43.0702,40.6521,13.8007
2,11,5.4862,5.6266,4.8978,14,42.0766,39.1797,11.1921
2,11,5.4862,5.6266,4.8978,15,31.4407,27.5103,14.309
2,11,5.6232,5.6076,4.4223,11,5.4323,5.273,4.6101
2,11,5.6232,5.6076,4.4223,12,61.5054,61.3276,36.4612
2,11,5.6232,5.6076,4.4223,13,40.1444,40.7421,15.8267
2,11,5.6232,5.6076,4.4223,14,39.6572,40.2758,17.4537
2,11,5.6232,5.6076,4.4223,15,29.7968,28.7719,16.813
2,11,5.6506,5.5987,4.7507,11,5.3379,5.4216,4.7172
2,11,5.6506,5.5987,4.7507,12,59.272,57.7802,20.9685
2,11,5.6506,5.5987,4.7507,13,41.5293,39.5399,14.1535
2,11,5.6506,5.5987,4.7507,14,40.2333,38.5094,11.5487
2,11,5.6506,5.5987,4.7507,15,29.8561,27.4946,14.7561
2,11,5.6094,5.6021,4.8468,11,5.4927,5.4048,4.7121
2,11,5.6094,5.6021,4.8468,12,58.8253,58.6001,23.1748
2,11,5.6094,5.6021,4.8468,13,39.8083,39.9401,14.7459
2,11,5.6094,5.6021,4.8468,14,39.102,39.2119,11.8312
2,11,5.6094,5.6021,4.8468,15,29.2226,28.7602,15.2118
2,11,5.6043,5.6178,4.7181,11,5.4758,5.4773,4.6465
2,11,5.6043,5.6178,4.7181,12,60.24,60.4618,18.1995
2,11,5.6043,5.6178,4.7181,13,40.4246,41.1556,12.3526
2,11,5.6043,5.6178,4.7181,14,39.6847,39.6986,10.2263
2,11,5.6043,5.6178,4.7181,15,29.2708,29.6043,11.5976
2,12,6.6929,6.945,6.7943,11,41.5203,46.0681,6.4651
2,12,6.6929,6.945,6.7943,12,10.0021,13.6448,8.5867
2,12,6.6929,6.945,6.7943,13,17.2035,20.2743,5.4044
2,12,6.6929,6.945,6.7943,14,13.4205,15.931,5.4397
2,12,6.6929,6.945,6.7943,15,9.3475,8.7764,9.9729
2,12,6.5006,6.9289,6.8362,11,42.3924,42.9133,5.7065
2,12,6.5006,6.9289,6.8362,12,8.5165,12.9341,9.1637
2,12,6.5006,6.9289,6.8362,13,16.9192,21.1888,5.3531
2,12,6.5006,6.9289,6.8362,14,12.6917,15.9396,5.39
2,12,6.5006,6.9289,6.8362,15,9.6406,8.4487,9.7246
2,12,6.7347,7.1098,6.6687,11,42.3704,41.1693,6.0323
2,12,6.7347,7.1098,6.6687,12,14.7532,11.184,8.818
2,12,6.7347,7.1098,6.6687,13,20.4715,15.619,5.2689
2,12,6.7347,7.1098,6.6687,14,16.9735,10.9966,5.0823
2,12,6.7347,7.1098,6.6687,15,8.2455,9.377,9.801
2,12,7.0813,6.9957,6.7338,11,40.9096,40.4553,5.7561
2,12,7.0813,6.9957,6.7338,12,9.7594,11.1511,8.7461
2,12,7.0813,6.9957,6.7338,13,15.4551,17.4,5.2842
2,12,7.0813,6.9957,6.7338,14,10.3539,13.3458,5.1464
2,12,7.0813,6.9957,6.7338,15,9.681,10.3809,9.7358
2,12,6.8462,6.8583,6.5377,11,40.0795,43.3136,5.0761
2,12,6.8462,6.8583,6.5377,12,11.1067,13.8348,8.6107
2,12,6.8462,6.8583,6.5377,13,18.0009,22.8012,5.1055
2,12,6.8462,6.8583,6.5377,14,12.8327,18.0857,5.0369
2,12,6.8462,6.8583,6.5377,15,8.2923,7.9429,9.3456
2,13,5.5937,5.722,3.6548,11,54.0738,55.6945,3.8107
2,13,5.5937,5.722,3.6548,12,38.6196,25.1236,12.524
2,13,5.5937,5.722,3.6548,13,8.0651,8.0102,5.499
2,13,5.5937,5.722,3.6548,14,7.3956,7.2213,5.1587
2,13,5.5937,5.722,3.6548,15,8.6928,9.6844,9.2578
2,13,5.581,5.7203,3.7015,11,52.5876,54.9017,5.6643
2,13,5.581,5.7203,3.7015,12,41.1017,27.8169,20.8886
2,13,5.581,5.7203,3.7015,13,7.6814,7.9803,5.3861
2,13,5.581,5.7203,3.7015,14,7.6091,7.2987,6.2908
2,13,5.581,5.7203,3.7015,15,9.0749,9.8754,7.0824
2,13,5.5431,5.7187,3.4419,11,52.4741,53.378,3.9496
2,13,5.5431,5.7187,3.4419,12,32.7709,26.0789,13.8707
2,13,5.5431,5.7187,3.4419,13,7.904,7.8591,5.3486
2,13,5.5431,5.7187,3.4419,14,7.3439,7.0541,5.1934
2,13,5.5431,5.7187,3.4419,15,8.7553,9.4668,8.8903
2,13,5.6976,5.7225,3.4634,11,57.0924,53.9093,4.573
2,13,5.6976,5.7225,3.4634,12,32.3376,25.2713,12.8827
2,13,5.6976,5.7225,3.4634,13,7.8639,7.9393,5.2649
2,13,5.6976,5.7225,3.4634,14,7.4029,7.3316,5.0717
2,13,5.6976,5.7225,3.4634,15,9.9212,10.0185,8.8699
2,13,5.6618,5.7343,3.5042,11,57.0301,54.023,3.8178
2,13,5.6618,5.7343,3.5042,12,32.2557,26.5389,12.0802
2,13,5.6618,5.7343,3.5042,13,8.0888,8.4004,5.2215
2,13,5.6618,5.7343,3.5042,14,7.309,7.2128,4.9734
2,13,5.6618,5.7343,3.5042,15,8.9574,9.6101,8.7731
2,14,6.0356,5.8996,4.6466,11,57.2879,54.5083,12.9825
2,14,6.0356,5.8996,4.6466,12,13.9307,14.2711,9.5182
2,14,6.0356,5.8996,4.6466,13,8.4016,8.4264,5.1155
2,14,6.0356,5.8996,4.6466,14,5.6729,5.6765,4.4881
2,14,6.0356,5.8996,4.6466,15,8.9846,8.0843,9.3717
2,14,5.968,5.8443,4.4586,11,57.3491,58.763,8.4713
2,14,5.968,5.8443,4.4586,12,16.8277,18.0654,9.9964
2,14,5.968,5.8443,4.4586,13,8.3477,8.307,4.8851
2,14,5.968,5.8443,4.4586,14,5.7173,5.65,4.4029
2,14,5.968,5.8443,4.4586,15,8.3415,8.0412,9.3599
2,14,6.0843,5.8448,4.7612,11,59.8116,51.5514,10.2316
2,14,6.0843,5.8448,4.7612,12,14.5278,14.6012,10.2206
2,14,6.0843,5.8448,4.7612,13,8.1587,8.4143,5.3973
2,14,6.0843,5.8448,4.7612,14,5.8578,5.5507,4.5917
2,14,6.0843,5.8448,4.7612,15,8.5596,8.1524,10.0998
2,14,6.0321,5.8404,4.5914,11,58.6091,57.7952,8.2399
2,14,6.0321,5.8404,4.5914,12,13.5929,18.0236,9.655
2,14,6.0321,5.8404,4.5914,13,8.4784,8.8256,5.1489
2,14,6.0321,5.8404,4.5914,14,5.7044,5.6675,4.4405
2,14,6.0321,5.8404,4.5914,15,8.3116,8.6057,9.2112
2,14,5.8964,5.8891,4.6029,11,58.3419,54.3578,8.615
2,14,5.8964,5.8891,4.6029,12,14.3774,14.3613,9.9624
2,14,5.8964,5.8891,4.6029,13,8.7116,8.5661,5.1156
2,14,5.8964,5.8891,4.6029,14,5.5522,5.4277,4.4785
2,14,5.8964,5.8891,4.6029,15,8.4774,9.0392,9.316
2,15,4.9959,5.0467,5.5192,11,36.8472,38.1395,6.8288
2,15,4.9959,5.0467,5.5192,12,19.1046,21.8641,9.2739
2,15,4.9959,5.0467,5.5192,13,15.4549,14.8626,4.3237
2,15,4.9959,5.0467,5.5192,14,12.855,12.8067,3.8906
2,15,4.9959,5.0467,5.5192,15,5.7096,5.8266,6.2328
2,15,5.0031,5.0695,5.4598,11,36.4099,39.6874,8.7273
2,15,5.0031,5.0695,5.4598,12,20.5854,21.5301,9.0242
2,15,5.0031,5.0695,5.4598,13,15.1892,14.2244,4.6671
2,15,5.0031,5.0695,5.4598,14,12.8462,12.0275,4.2747
2,15,5.0031,5.0695,5.4598,15,5.6913,5.8061,6.191
2,15,4.9879,5.0949,5.7542,11,35.7436,36.7832,12.5842
2,15,4.9879,5.0949,5.7542,12,20.4616,27.7179,14.8854
2,15,4.9879,5.0949,5.7542,13,16.6683,15.2487,5.5065
2,15,4.9879,5.0949,5.7542,14,14.1744,12.8564,5.6315
2,15,4.9879,5.0949,5.7542,15,5.6857,5.845,5.7925
2,15,4.9956,5.0292,5.6926,11,37.6012,39.7284,12.5797
2,15,4.9956,5.0292,5.6926,12,18.536,22.0588,10.171
2,15,4.9956,5.0292,5.6926,13,15.3361,15.4135,5.0793
2,15,4.9956,5.0292,5.6926,14,12.7382,13.2015,4.4788
2,15,4.9956,5.0292,5.6926,15,5.7124,5.8588,6.5224
2,15,4.9856,5.0985,5.7635,11,37.546,40.9574,8.5215
2,15,4.9856,5.0985,5.7635,12,18.6752,22.0408,12.5981
2,15,4.9856,5.0985,5.7635,13,15.3828,13.6823,5.5054
2,15,4.9856,5.0985,5.7635,14,13.2471,11.4876,4.5701
2,15,4.9856,5.0985,5.7635,15,5.7145,5.7353,6.4733
3,11,5.6081,5.516,4.6751,11,5.4233,5.4321,5.0491
3,11,5.6081,5.516,4.6751,12,60.7833,86.276,48.4655
3,11,5.6081,5.516,4.6751,13,39.0148,43.4756,25.7389
3,11,5.6081,5.516,4.6751,14,38.669,48.2672,15.6703
3,11,5.6081,5.516,4.6751,15,28.2647,37.2468,18.6054
3,11,5.5477,5.5517,4.6654,11,5.3322,5.235,4.9285
3,11,5.5477,5.5517,4.6654,12,70.3785,84.1173,41.136
3,11,5.5477,5.5517,4.6654,13,42.4889,47.9259,20.8514
3,11,5.5477,5.5517,4.6654,14,46.8853,51.7406,14.7325
3,11,5.5477,5.5517,4.6654,15,42.8217,40.0556,15.5025
3,11,5.6004,5.485,4.7047,11,5.3687,5.369,5.3026
3,11,5.6004,5.485,4.7047,12,58.3912,42.1523,25.7454
3,11,5.6004,5.485,4.7047,13,38.5188,45.9111,25.7603
3,11,5.6004,5.485,4.7047,14,38.2918,52.1009,13.027
3,11,5.6004,5.485,4.7047,15,28.0054,44.0674,20.0307
3,11,5.7356,5.5077,4.7363,11,5.5632,5.4541,5.158
3,11,5.7356,5.5077,4.7363,12,63.0546,94.1087,33.7448
3,11,5.7356,5.5077,4.7363,13,41.6128,50.7289,10.3573
3,11,5.7356,5.5077,4.7363,14,40.9556,57.629,9.7372
3,11,5.7356,5.5077,4.7363,15,30.6603,47.1211,9.5691
3,11,5.606,5.52,4.9086,11,5.4518,5.3597,5.2519
3,11,5.606,5.52,4.9086,12,57.8354,103.4945,33.1402
3,11,5.606,5.52,4.9086,13,39.3042,47.4167,29.7122
3,11,5.606,5.52,4.9086,14,37.549,53.5405,17.9845
3,11,5.606,5.52,4.9086,15,28.5924,38.4928,19.9543
3,12,5.7945,6.3094,6.6998,11,41.6853,40.64,5.5972
3,12,5.7945,6.3094,6.6998,12,12.7116,13.9263,9.0834
3,12,5.7945,6.3094,6.6998,13,18.6324,28.2726,6.4277
3,12,5.7945,6.3094,6.6998,14,16.3388,21.8939,5.9574
3,12,5.7945,6.3094,6.6998,15,11.1907,8.4364,8.4418
3,12,5.9223,5.9686,6.8122,11,41.6459,40.393,4.9932
3,12,5.9223,5.9686,6.8122,12,9.5984,10.4984,8.367
3,12,5.9223,5.9686,6.8122,13,19.7778,22.2167,6.3341
3,12,5.9223,5.9686,6.8122,14,16.6968,19.1565,4.9285
3,12,5.9223,5.9686,6.8122,15,9.605,15.0662,6.0517
3,12,6.8326,5.9249,6.6659,11,40.9432,40.4663,12.1247
3,12,6.8326,5.9249,6.6659,12,12.5569,9.8261,8.8288
3,12,6.8326,5.9249,6.6659,13,18.1454,22.2135,6.02
3,12,6.8326,5.9249,6.6659,14,13.1537,18.4759,6.121
3,12,6.8326,5.9249,6.6659,15,8.259,13.3091,9.7276
3,12,5.8443,5.9398,6.6296,11,41.0998,40.8989,9.2524
3,12,5.8443,5.9398,6.6296,12,9.7788,10.2897,7.5139
3,12,5.8443,5.9398,6.6296,13,20.8176,21.7287,5.0683
3,12,5.8443,5.9398,6.6296,14,18.3685,18.226,6.2709
3,12,5.8443,5.9398,6.6296,15,14.6444,9.1489,10.0178
3,12,5.9107,6.3426,6.8424,11,41.472,39.0299,3.5106
3,12,5.9107,6.3426,6.8424,12,9.4852,9.9038,8.4615
3,12,5.9107,6.3426,6.8424,13,20.9559,22.1238,6.7925
3,12,5.9107,6.3426,6.8424,14,16.6865,19.5807,5.6495
3,12,5.9107,6.3426,6.8424,15,10.3359,7.9591,9.5523
3,13,5.5418,5.3494,3.3721,11,49.2284,46.2014,4.7476
3,13,5.5418,5.3494,3.3721,12,32.4942,35.6297,63.5958
3,13,5.5418,5.3494,3.3721,13,7.7962,7.5742,4.0543
3,13,5.5418,5.3494,3.3721,14,7.5453,7.3755,7.2846
3,13,5.5418,5.3494,3.3721,15,9.0085,8.485,7.9346
3,13,5.6242,5.35,3.6599,11,53.5576,48.8787,3.9895
3,13,5.6242,5.35,3.6599,12,30.4049,28.7338,31.6609
3,13,5.6242,5.35,3.6599,13,7.7479,8.1215,5.0475
3,13,5.6242,5.35,3.6599,14,7.3006,7.0293,4.807
3,13,5.6242,5.35,3.6599,15,8.8581,8.4433,7.8757
3,13,5.5417,5.2078,3.4764,11,49.4107,43.2598,5.3366
3,13,5.5417,5.2078,3.4764,12,32.648,29.4505,19.8128
3,13,5.5417,5.2078,3.4764,13,8.1169,7.9109,4.9016
3,13,5.5417,5.2078,3.4764,14,7.1406,7.1215,5.9522
3,13,5.5417,5.2078,3.4764,15,9.0108,10.4931,6.8435
3,13,5.6741,5.2325,3.5239,11,54.738,46.8711,3.9403
3,13,5.6741,5.2325,3.5239,12,36.5944,34.4174,15.0318
3,13,5.6741,5.2325,3.5239,13,7.7238,8.0625,4.2904
3,13,5.6741,5.2325,3.5239,14,7.7186,7.7555,4.9958
3,13,5.6741,5.2325,3.5239,15,10.5597,9.4242,5.7819
3,13,5.6023,5.3049,3.5284,11,53.3598,47.8871,4.5919
3,13,5.6023,5.3049,3.5284,12,35.7103,35.8438,22.5796
3,13,5.6023,5.3049,3.5284,13,7.7055,7.9027,5.306
3,13,5.6023,5.3049,3.5284,14,7.7566,7.3913,5.763
3,13,5.6023,5.3049,3.5284,15,8.7101,8.8588,7.2485
3,14,6.0091,5.6087,4.6224,11,57.8883,49.5717,78.7955
3,14,6.0091,5.6087,4.6224,12,13.5653,21.5074,8.8075
3,14,6.0091,5.6087,4.6224,13,8.1545,9.0738,5.0502
3,14,6.0091,5.6087,4.6224,14,5.6887,5.1572,4.717
3,14,6.0091,5.6087,4.6224,15,8.414,8.0857,9.2143
3,14,5.9978,5.7335,4.7673,11,57.9373,52.6731,17.7159
3,14,5.9978,5.7335,4.7673,12,13.9518,14.9799,5.6181
3,14,5.9978,5.7335,4.7673,13,8.1325,8.2328,4.6903
3,14,5.9978,5.7335,4.7673,14,5.6644,5.4077,4.8516
3,14,5.9978,5.7335,4.7673,15,8.4371,7.5815,10.1143
3,14,5.9988,5.6106,4.6307,11,57.6372,46.7019,35.3103
3,14,5.9988,5.6106,4.6307,12,13.1935,72.1836,9.5757
3,14,5.9988,5.6106,4.6307,13,8.3152,8.7665,4.9529
3,14,5.9988,5.6106,4.6307,14,5.6581,5.6223,4.6489
3,14,5.9988,5.6106,4.6307,15,8.026,8.0683,11.7357
3,14,5.9713,5.746,4.7726,11,58.2199,55.5317,107.4868
3,14,5.9713,5.746,4.7726,12,13.9224,17.357,9.1309
3,14,5.9713,5.746,4.7726,13,8.5402,8.9462,5.2546
3,14,5.9713,5.746,4.7726,14,5.6743,5.3518,4.8739
3,14,5.9713,5.746,4.7726,15,9.0779,8.3953,9.3525
3,14,5.6978,5.6431,4.7516,11,50.4849,49.7416,7.513
3,14,5.6978,5.6431,4.7516,12,14.5626,19.2534,8.876
3,14,5.6978,5.6431,4.7516,13,8.826,8.5322,5.2338
3,14,5.6978,5.6431,4.7516,14,5.3019,5.3105,4.753
3,14,5.6978,5.6431,4.7516,15,8.4153,7.6221,8.9391
3,15,4.9908,4.9971,5.5118,11,36.4363,36.3845,21.9404
3,15,4.9908,4.9971,5.5118,12,19.8362,21.0666,10.4534
3,15,4.9908,4.9971,5.5118,13,15.8709,15.7259,3.9024
3,15,4.9908,4.9971,5.5118,14,13.7187,13.5005,3.6897
3,15,4.9908,4.9971,5.5118,15,5.6941,5.6724,5.7598
3,15,4.9929,5.0243,5.7476,11,37.0447,38.8001,13.0996
3,15,4.9929,5.0243,5.7476,12,17.4165,22.5441,11.2422
3,15,4.9929,5.0243,5.7476,13,15.4207,14.1311,4.2152
3,15,4.9929,5.0243,5.7476,14,13.0197,12.0509,4.4604
3,15,4.9929,5.0243,5.7476,15,5.6299,5.5687,6.1359
3,15,4.9827,4.957,5.6287,11,37.1605,36.5177,12.7751
3,15,4.9827,4.957,5.6287,12,21.697,25.8947,12.3763
3,15,4.9827,4.957,5.6287,13,15.4264,17.049,4.4046
3,15,4.9827,4.957,5.6287,14,12.9754,15.9872,4.6995
3,15,4.9827,4.957,5.6287,15,5.7353,5.5601,6.2425
3,15,5.0196,5.0033,5.5126,11,35.4059,35.611,11.9881
3,15,5.0196,5.0033,5.5126,12,17.6317,22.9254,12.5086
3,15,5.0196,5.0033,5.5126,13,15.3921,15.1489,3.7434
3,15,5.0196,5.0033,5.5126,14,13.2437,13.3583,4.192
3,15,5.0196,5.0033,5.5126,15,5.6646,5.6449,5.8715
3,15,5.1048,4.9342,5.8498,11,38.4154,36.8064,33.6023
3,15,5.1048,4.9342,5.8498,12,20.5853,25.4153,13.9235
3,15,5.1048,4.9342,5.8498,13,15.0335,14.4061,4.8969
3,15,5.1048,4.9342,5.8498,14,12.7101,13.7994,4.4249
3,15,5.1048,4.9342,5.8498,15,5.8398,5.4532,6.1093
4,11,5.5899,5.4456,4.7932,11,5.4271,5.4128,4.6581
4,11,5.5899,5.4456,4.7932,12,67.2697,56.7644,61.8117
4,11,5.5899,5.4456,4.7932,13,40.6748,35.0992,14.6425
4,11,5.5899,5.4456,4.7932,14,41.6665,35.0961,12.6262
4,11,5.5899,5.4456,4.7932,15,32.4515,27.5915,13.9917
4,11,5.6065,5.5818,4.8821,11,5.4878,5.5548,5.1884
4,11,5.6065,5.5818,4.8821,12,61.6966,60.0622,75.8988
4,11,5.6065,5.5818,4.8821,13,40.3266,43.0172,29.0994
4,11,5.6065,5.5818,4.8821,14,39.27,44.2817,19.5137
4,11,5.6065,5.5818,4.8821,15,29.6793,37.6786,16.8024
4,11,5.5932,5.5368,4.7853,11,5.3674,5.45,4.7613
4,11,5.5932,5.5368,4.7853,12,59.8655,74.9148,23.412
4,11,5.5932,5.5368,4.7853,13,39.0723,44.5599,33.3102
4,11,5.5932,5.5368,4.7853,14,38.3682,47.0196,14.0396
4,11,5.5932,5.5368,4.7853,15,28.7408,39.5812,15.6382
4,11,5.5687,5.5377,4.9462,11,5.3283,5.4882,5.397
4,11,5.5687,5.5377,4.9462,12,64.8605,85.1685,12.7187
4,11,5.5687,5.5377,4.9462,13,39.2947,46.1313,22.1995
4,11,5.5687,5.5377,4.9462,14,40.6812,50.4367,8.705
4,11,5.5687,5.5377,4.9462,15,32.6362,41.2668,17.353
4,11,5.63,5.5293,4.8798,11,5.3614,5.3784,4.8888
4,11,5.63,5.5293,4.8798,12,55.8166,70.9988,21.2528
4,11,5.63,5.5293,4.8798,13,39.2006,45.6225,18.8814
4,11,5.63,5.5293,4.8798,14,37.7421,48.1114,10.9383
4,11,5.63,5.5293,4.8798,15,27.8792,43.7655,15.6818
4,12,5.7288,5.8635,6.9538,11,42.1612,41.3087,8.0423
4,12,5.7288,5.8635,6.9538,12,10.5522,9.2522,9.1938
4,12,5.7288,5.8635,6.9538,13,18.1727,19.7932,7.0714
4,12,5.7288,5.8635,6.9538,14,16.7708,16.6716,5.4056
4,12,5.7288,5.8635,6.9538,15,12.1447,10.6869,10.0247
4,12,5.9429,5.944,6.8226,11,43.0361,42.3546,6.5525
4,12,5.9429,5.944,6.8226,12,14.4905,10.3602,8.2412
4,12,5.9429,5.944,6.8226,13,20.657,27.5934,5.7732
4,12,5.9429,5.944,6.8226,14,17.2188,24.2344,5.8524
4,12,5.9429,5.944,6.8226,15,13.1229,8.7346,9.1914
4,12,5.7857,5.8406,6.7972,11,41.6314,44.1425,10.1935
4,12,5.7857,5.8406,6.7972,12,11.5996,9.138,7.9677
4,12,5.7857,5.8406,6.7972,13,19.1167,21.0528,6.4704
4,12,5.7857,5.8406,6.7972,14,16.4054,17.0171,6.3815
4,12,5.7857,5.8406,6.7972,15,13.7007,10.7854,10.3549
4,12,5.9005,5.8581,6.8822,11,42.2296,41.53,7.5604
4,12,5.9005,5.8581,6.8822,12,12.672,9.1204,8.3112
4,12,5.9005,5.8581,6.8822,13,20.0281,19.5074,7.1702
4,12,5.9005,5.8581,6.8822,14,17.3228,16.0229,6.4924
4,12,5.9005,5.8581,6.8822,15,11.1356,9.5772,10.1547
4,12,5.8851,5.8715,6.6743,11,42.0705,40.2348,7.0638
4,12,5.8851,5.8715,6.6743,12,11.0234,11.561,8.915
4,12,5.8851,5.8715,6.6743,13,18.7781,27.7782,4.9887
4,12,5.8851,5.8715,6.6743,14,16.5937,22.8047,5.4166
4,12,5.8851,5.8715,6.6743,15,10.3352,10.0381,10.0169
4,13,5.3774,5.3051,3.6564,11,49.6629,46.7629,9.7686
4,13,5.3774,5.3051,3.6564,12,54.2342,30.284,71.3084
4,13,5.3774,5.3051,3.6564,13,7.7314,7.834,4.776
4,13,5.3774,5.3051,3.6564,14,7.6585,6.8963,5.1113
4,13,5.3774,5.3051,3.6564,15,9.0599,9.0066,6.6477
4,13,5.5947,5.291,3.6622,11,52.9831,43.829,20.65
4,13,5.5947,5.291,3.6622,12,37.8983,39.8947,18.5285
4,13,5.5947,5.291,3.6622,13,7.6983,7.8944,4.8763
4,13,5.5947,5.291,3.6622,14,7.5118,7.07,4.4662
4,13,5.5947,5.291,3.6622,15,8.8939,8.8242,6.0526
4,13,5.6161,5.2558,3.7426,11,53.0785,42.4135,11.3261
4,13,5.6161,5.2558,3.7426,12,41.5342,34.2834,18.3663
4,13,5.6161,5.2558,3.7426,13,7.653,7.863,5.4289
4,13,5.6161,5.2558,3.7426,14,7.7648,7.4487,5.0713
4,13,5.6161,5.2558,3.7426,15,8.8891,8.8451,6.7964
4,13,5.5845,5.3399,3.7222,11,52.4704,47.6289,17.7961
4,13,5.5845,5.3399,3.7222,12,27.4162,34.9398,26.3664
4,13,5.5845,5.3399,3.7222,13,7.8892,7.8065,5.0643
4,13,5.5845,5.3399,3.7222,14,7.3053,8.0989,5.0563
4,13,5.5845,5.3399,3.7222,15,8.7213,9.8976,9.0193
4,13,5.6833,5.1912,3.6794,11,56.3906,41.8301,2.4679
4,13,5.6833,5.1912,3.6794,12,31.7995,38.632,25.0814
4,13,5.6833,5.1912,3.6794,13,8.0994,7.8598,4.5607
4,13,5.6833,5.1912,3.6794,14,7.4403,7.4322,5.5585
4,13,5.6833,5.1912,3.6794,15,10.2037,9.0356,6.4763
4,14,6.0043,5.6306,4.631,11,56.0868,49.5278,41.7862
4,14,6.0043,5.6306,4.631,12,13.8208,39.3346,7.2077
4,14,6.0043,5.6306,4.631,13,7.9667,8.9236,6.9863
4,14,6.0043,5.6306,4.631,14,5.8064,5.4179,4.4242
4,14,6.0043,5.6306,4.631,15,7.9637,7.4042,12.2511
4,14,6.0626,5.5918,4.7279,11,59.2011,48.6658,122.9592
4,14,6.0626,5.5918,4.7279,12,13.9496,25.1358,12.4491
4,14,6.0626,5.5918,4.7279,13,8.4796,8.884,5.4201
4,14,6.0626,5.5918,4.7279,14,5.7529,5.2965,5.3194
4,14,6.0626,5.5918,4.7279,15,8.5509,7.0602,11.1014
4,14,5.7828,5.6679,4.5943,11,54.6258,50.6187,127.5864
4,14,5.7828,5.6679,4.5943,12,18.5412,25.2422,8.8547
4,14,5.7828,5.6679,4.5943,13,8.7637,8.8376,4.8583
4,14,5.7828,5.6679,4.5943,14,5.4514,5.4048,4.7934
4,14,5.7828,5.6679,4.5943,15,9.0013,7.6533,8.259
4,14,6.0217,5.5869,4.891,11,57.1792,50.5697,65.5885
4,14,6.0217,5.5869,4.891,12,13.6914,20.7341,15.3597
4,14,6.0217,5.5869,4.891,13,8.3071,8.5041,4.83
4,14,6.0217,5.5869,4.891,14,5.7121,5.414,4.3773
4,14,6.0217,5.5869,4.891,15,8.4261,7.864,6.7701
4,14,5.9883,5.6589,4.87,11,56.6329,51.0967,170.6558
4,14,5.9883,5.6589,4.87,12,14.8574,15.1411,9.7572
4,14,5.9883,5.6589,4.87,13,8.2487,8.761,6.9698
4,14,5.9883,5.6589,4.87,14,5.7062,5.3161,4.6456
4,14,5.9883,5.6589,4.87,15,8.4907,7.4353,14.3866
4,15,5.0857,4.9904,5.5404,11,37.6111,37.2131,40.1518
4,15,5.0857,4.9904,5.5404,12,18.3413,23.5339,18.3927
4,15,5.0857,4.9904,5.5404,13,15.3132,15.4377,4.8269
4,15,5.0857,4.9904,5.5404,14,12.5344,13.2029,5.2694
4,15,5.0857,4.9904,5.5404,15,5.8671,5.8085,5.969
4,15,5.0218,5.01,5.6713,11,36.8534,35.6635,99.7077
4,15,5.0218,5.01,5.6713,12,22.8649,22.1909,20.6799
4,15,5.0218,5.01,5.6713,13,15.3913,14.5042,4.9234
4,15,5.0218,5.01,5.6713,14,14.3542,12.7315,5.7405
4,15,5.0218,5.01,5.6713,15,5.784,5.6336,5.6585
4,15,5.0905,4.9328,5.9339,11,39.0207,36.4892,44.3761
4,15,5.0905,4.9328,5.9339,12,19.9393,26.4519,17.8743
4,15,5.0905,4.9328,5.9339,13,14.6146,15.6101,4.9802
4,15,5.0905,4.9328,5.9339,14,12.8455,14.4179,4.8726
4,15,5.0905,4.9328,5.9339,15,5.8174,5.6729,6.2621
4,15,4.9907,5.0035,5.7606,11,37.5001,38.4281,21.5935
4,15,4.9907,5.0035,5.7606,12,18.5476,22.6066,21.887
4,15,4.9907,5.0035,5.7606,13,14.7145,14.4694,4.1771
4,15,4.9907,5.0035,5.7606,14,12.4511,12.433,5.1231
4,15,4.9907,5.0035,5.7606,15,5.6511,5.6341,6.0974
4,15,5.0378,5.0364,5.7162,11,38.1198,38.8311,44.5882
4,15,5.0378,5.0364,5.7162,12,18.7511,20.3221,18.6598
4,15,5.0378,5.0364,5.7162,13,14.3525,13.943,5.8172
4,15,5.0378,5.0364,5.7162,14,11.6973,11.6874,6.9583
4,15,5.0378,5.0364,5.7162,15,5.6846,5.6309,5.7386
5,11,5.7499,5.4589,4.7415,11,5.4017,5.4392,6.0826
5,11,5.7499,5.4589,4.7415,12,67.1267,39.8376,98.7366
5,11,5.7499,5.4589,4.7415,13,43.0477,32.0718,31.5355
5,11,5.7499,5.4589,4.7415,14,42.8802,32.8283,27.8279
5,11,5.7499,5.4589,4.7415,15,31.2229,24.8029,22.7964
5,11,5.5044,5.4495,4.7748,11,5.3996,5.4349,5.3805
5,11,5.5044,5.4495,4.7748,12,67.4007,52.6113,85.7214
5,11,5.5044,5.4495,4.7748,13,39.1107,33.9718,110.1913
5,11,5.5044,5.4495,4.7748,14,38.9135,33.7271,29.0955
5,11,5.5044,5.4495,4.7748,15,29.6743,26.5937,32.7691
5,11,5.5642,5.5156,4.9532,11,5.3562,5.2573,4.6624
5,11,5.5642,5.5156,4.9532,12,58.6539,84.99,94.2981
5,11,5.5642,5.5156,4.9532,13,41.5021,46.3315,309.756
5,11,5.5642,5.5156,4.9532,14,43.2755,52.5013,176.0592
5,11,5.5642,5.5156,4.9532,15,40.4916,43.2223,164.3353
5,11,5.6138,5.5352,4.9463,11,5.3948,5.3703,6.0172
5,11,5.6138,5.5352,4.9463,12,61.2937,79.2063,107.95
5,11,5.6138,5.5352,4.9463,13,39.9416,48.0164,63.9608
5,11,5.6138,5.5352,4.9463,14,40.0624,53.1201,58.2888
5,11,5.6138,5.5352,4.9463,15,29.2871,49.35,38.7307
5,11,5.5909,5.5635,5.0119,11,5.4146,5.393,5.1122
5,11,5.5909,5.5635,5.0119,12,60.0358,64.4727,38.0025
5,11,5.5909,5.5635,5.0119,13,41.3158,40.4413,26.3397
5,11,5.5909,5.5635,5.0119,14,40.7293,40.2884,16.8748
5,11,5.5909,5.5635,5.0119,15,32.27,31.9656,25.7298
5,12,5.8837,5.8399,7.1773,11,40.8804,41.4359,22.8498
5,12,5.8837,5.8399,7.1773,12,9.7059,11.364,11.2328
5,12,5.8837,5.8399,7.1773,13,20.2928,23.6624,7.8691
5,12,5.8837,5.8399,7.1773,14,17.4061,18.8842,5.3219
5,12,5.8837,5.8399,7.1773,15,12.2019,10.6538,10.5031
5,12,5.8313,5.7298,6.7943,11,43.0546,43.7345,10.9599
5,12,5.8313,5.7298,6.7943,12,14.0922,8.6493,8.7412
5,12,5.8313,5.7298,6.7943,13,18.3602,23.7912,4.8332
5,12,5.8313,5.7298,6.7943,14,15.6916,20.93,4.3815
5,12,5.8313,5.7298,6.7943,15,14.2481,10.4912,8.5603
5,12,6.7101,5.7996,7.5322,11,42.3678,41.4328,28.6003
5,12,6.7101,5.7996,7.5322,12,13.0698,9.3807,9.7822
5,12,6.7101,5.7996,7.5322,13,16.9331,19.2565,7.0255
5,12,6.7101,5.7996,7.5322,14,12.9555,16.4543,5.7823
5,12,6.7101,5.7996,7.5322,15,10.7822,9.9926,10.3477
5,12,6.1585,5.7918,7.2456,11,42.2515,40.44,12.2481
5,12,6.1585,5.7918,7.2456,12,9.5623,9.2565,11.575
5,12,6.1585,5.7918,7.2456,13,18.6972,21.5504,5.7705
5,12,6.1585,5.7918,7.2456,14,15.2591,18.4891,6.7816
5,12,6.1585,5.7918,7.2456,15,11.7526,9.51,9.8059
5,12,5.778,5.7967,7.0713,11,41.7725,42.2793,29.746
5,12,5.778,5.7967,7.0713,12,10.7876,9.2233,7.5776
5,12,5.778,5.7967,7.0713,13,16.7024,19.0114,5.0344
5,12,5.778,5.7967,7.0713,14,15.9429,15.8887,6.3771
5,12,5.778,5.7967,7.0713,15,12.856,10.583,13.2916
5,13,5.5386,5.2455,3.7505,11,49.1212,44.9548,14.7829
5,13,5.5386,5.2455,3.7505,12,34.8749,39.3324,36.3724
5,13,5.5386,5.2455,3.7505,13,7.7982,7.6657,6.0325
5,13,5.5386,5.2455,3.7505,14,7.2092,7.2721,4.8441
5,13,5.5386,5.2455,3.7505,15,8.4942,9.0088,6.8727
5,13,5.6783,5.2642,3.5572,11,56.1686,46.2484,63.0387
5,13,5.6783,5.2642,3.5572,12,41.2529,34.9825,151.9974
5,13,5.6783,5.2642,3.5572,13,7.9046,7.7353,5.0085
5,13,5.6783,5.2642,3.5572,14,7.3829,7.8809,8.7837
5,13,5.6783,5.2642,3.5572,15,9.5692,9.3942,9.9891
5,13,5.6354,5.1608,3.7276,11,53.3116,52.1874,8.6325
5,13,5.6354,5.1608,3.7276,12,26.7169,33.1921,30.0589
5,13,5.6354,5.1608,3.7276,13,7.9357,8.7019,4.6284
5,13,5.6354,5.1608,3.7276,14,7.2258,8.5359,3.9989
5,13,5.6354,5.1608,3.7276,15,10.3605,9.7248,6.2765
5,13,5.5714,5.2831,3.7506,11,53.0881,47.532,27.7984
5,13,5.5714,5.2831,3.7506,12,40.6737,30.9759,112.9201
5,13,5.5714,5.2831,3.7506,13,7.6537,8.1394,5.8179
5,13,5.5714,5.2831,3.7506,14,7.5544,7.5557,11.5522
5,13,5.5714,5.2831,3.7506,15,8.5809,9.0721,9.742
5,13,5.6009,5.218,3.8888,11,53.7059,43.6135,14.4294
5,13,5.6009,5.218,3.8888,12,38.1614,33.9825,196.614
5,13,5.6009,5.218,3.8888,13,7.5735,7.9677,4.5985
5,13,5.6009,5.218,3.8888,14,7.4814,7.9028,8.7893
5,13,5.6009,5.218,3.8888,15,8.7248,8.9479,6.2424
5,14,6.0145,5.635,5.0789,11,58.1765,50.5136,126.2224
5,14,6.0145,5.635,5.0789,12,15.6834,18.1949,18.7358
5,14,6.0145,5.635,5.0789,13,8.2714,8.6872,6.4026
5,14,6.0145,5.635,5.0789,14,5.6501,5.291,5.8542
5,14,6.0145,5.635,5.0789,15,8.4201,7.5744,12.762
5,14,6.0438,5.67,4.7024,11,59.612,49.1672,106.2019
5,14,6.0438,5.67,4.7024,12,13.5468,16.5392,9.5449
5,14,6.0438,5.67,4.7024,13,8.3493,8.6335,13.5049
5,14,6.0438,5.67,4.7024,14,5.7429,5.3301,4.7142
5,14,6.0438,5.67,4.7024,15,8.7617,7.5294,10.595
5,14,6.0438,5.5878,5.0021,11,58.0719,51.0409,115.5682
5,14,6.0438,5.5878,5.0021,12,13.9653,21.3385,14.1133
5,14,6.0438,5.5878,5.0021,13,8.0402,8.9075,7.6872
5,14,6.0438,5.5878,5.0021,14,5.792,5.3726,5.0209
5,14,6.0438,5.5878,5.0021,15,8.2052,7.3648,9.418
5,14,6.0545,5.6853,4.559,11,59.2847,51.9506,18.239
5,14,6.0545,5.6853,4.559,12,14.185,17.2563,28.2076
5,14,6.0545,5.6853,4.559,13,8.1772,8.7558,7.563
5,14,6.0545,5.6853,4.559,14,5.7724,5.3015,4.3393
5,14,6.0545,5.6853,4.559,15,8.398,7.9201,20.7713
5,14,5.9055,5.6648,4.868,11,53.4331,51.3199,344.8437
5,14,5.9055,5.6648,4.868,12,14.989,16.8979,14.2893
5,14,5.9055,5.6648,4.868,13,8.0929,8.4015,4.0819
5,14,5.9055,5.6648,4.868,14,5.6251,5.3232,5.6175
5,14,5.9055,5.6648,4.868,15,8.1454,7.345,7.2915
5,15,5.0999,4.9973,5.9584,11,39.2972,38.3972,32.9141
5,15,5.0999,4.9973,5.9584,12,17.4507,20.603,22.2883
5,15,5.0999,4.9973,5.9584,13,14.4436,15.0803,5.1623
5,15,5.0999,4.9973,5.9584,14,12.8376,12.7753,3.7588
5,15,5.0999,4.9973,5.9584,15,5.6801,5.6092,5.8227
5,15,4.968,5.0008,6.0433,11,35.6564,37.6123,72.8874
5,15,4.968,5.0008,6.0433,12,27.6315,21.8261,17.2527
5,15,4.968,5.0008,6.0433,13,15.6133,15.9134,4.5183
5,15,4.968,5.0008,6.0433,14,14.0233,13.525,5.6155
5,15,4.968,5.0008,6.0433,15,5.5898,5.845,5.6956
5,15,4.9948,4.9932,6.0946,11,36.9108,36.794,130.407
5,15,4.9948,4.9932,6.0946,12,19.5183,22.7854,29.4277
5,15,4.9948,4.9932,6.0946,13,16.2869,16.6132,7.7748
5,15,4.9948,4.9932,6.0946,14,13.9794,14.3705,9.9533
5,15,4.9948,4.9932,6.0946,15,5.7245,5.813,7.1344
5,15,4.9966,4.9664,5.6148,11,36.5622,40.3402,24.7695
5,15,4.9966,4.9664,5.6148,12,18.3276,19.3817,16.9308
5,15,4.9966,4.9664,5.6148,13,15.9788,15.2624,4.9159
5,15,4.9966,4.9664,5.6148,14,13.798,13.5088,6.5365
5,15,4.9966,4.9664,5.6148,15,5.7521,5.5684,5.6982
5,15,5.0055,4.994,5.7552,11,36.6845,38.6969,91.1166
5,15,5.0055,4.994,5.7552,12,17.8128,24.0519,53.3353
5,15,5.0055,4.994,5.7552,13,15.411,15.6226,5.7331
5,15,5.0055,4.994,5.7552,14,12.6875,13.5908,8.2051
5,15,5.0055,4.994,5.7552,15,5.7796,5.6308,6.4025
